Decision_Q,Demand_D,Operation_Cost,Mu_Pred,Sigma_Pred,Residual_Sum
9.12927033643357,9.76068364799171,0.47355998366860463,8.762430861105234,0.6353846094905911,2901.7731875285435
8.630904461032056,9.04429954223103,0.3100463108992306,8.238434054239551,0.6797786850318444,2901.7731875285435
6.052646847319068,6.119834341450251,0.05039062059838706,5.690994528752485,0.6264001904324067,2901.7731875285435
7.414911646733021,5.991335636531753,0.355894002550317,7.069307920368033,0.5986032133492906,2901.7731875285435
8.17657486647294,6.491284986903778,0.4213224698922906,7.79787568257152,0.6559262273021299,2901.7731875285435
7.542816294379459,6.543840036611374,0.24974406444202124,7.180045203304596,0.6283379612588589,2901.7731875285435
8.317264035819075,9.343920192939898,0.7699921178406166,7.9414943819594,0.6508521324275294,2901.7731875285435
6.18726005416213,6.6760614990683464,0.36660108367966227,5.843986310792278,0.5945675644209428,2901.7731875285435
9.060118500064707,9.52638716564826,0.34970149918766413,8.696291666097657,0.6301665615878577,2901.7731875285435
7.35072342442024,5.444979587523557,0.4764359592241707,6.984374430261039,0.634535071185489,2901.7731875285435
6.864619912750442,6.891591595788118,0.02022876227825754,6.4939972409153475,0.6419372980553107,2901.7731875285435
6.962731028790184,7.087717523690285,0.09373987117507587,6.585195568623528,0.6539105986675433,2901.7731875285435
7.459118482049626,8.441506641229402,0.7367911193848322,7.108189353038174,0.6078270813037278,2901.7731875285435
8.212030939903194,8.1292919092873,0.020684757653973485,7.831546008179032,0.6590192332606235,2901.7731875285435
6.126002229176546,5.677949580697887,0.11201316211966472,5.768262250342506,0.6196238192391729,2901.7731875285435
5.699866354246872,6.106925417306185,0.30529429729448454,5.360650762113584,0.5875386402944152,2901.7731875285435
8.310558368241965,6.457428658232456,0.46328242750237725,7.930749424003246,0.6578483885905557,2901.7731875285435
7.21835976548503,6.820589960353867,0.09944245128279094,6.8487534576720694,0.6401769039299895,2901.7731875285435
6.805694598040771,7.355789704461193,0.41257132981531686,6.472248880336237,0.5775449246305202,2901.7731875285435
8.194638265945597,6.907025286336722,0.3219032449022188,7.824375471508515,0.6413139721174597,2901.7731875285435
6.8343982982729825,7.47595413388433,0.48116687670851066,6.501121921786684,0.5772516170367222,2901.7731875285435
6.595486489849425,6.867687308803948,0.20415061421589198,6.25788243311281,0.5847473791091834,2901.7731875285435
7.9543052827967085,5.973112377391886,0.4952982263512056,7.590519549063828,0.6300953738940729,2901.7731875285435
9.895158691270911,9.44954715804239,0.11140288330713011,9.522687775696784,0.6451385501160862,2901.7731875285435
7.413260108083212,6.065017650166248,0.33706061447924096,7.064561206687594,0.6039642137606606,2901.7731875285435
7.649254121779354,5.8221466268290865,0.4567768737375668,7.290546020006472,0.6213006573572194,2901.7731875285435
9.147346085511288,10.075013666974526,0.6957506860974285,8.792842177613704,0.6140187799603342,2901.7731875285435
7.5054503191734545,7.407517432673969,0.024483221624871376,7.165424027812458,0.5889428125464645,2901.7731875285435
6.104651877908324,6.398313015190369,0.22024585296153343,5.757223258707446,0.6017640204594207,2901.7731875285435
7.699162612402566,6.746525567536857,0.2381592612164274,7.322335315105177,0.6526840245979405,2901.7731875285435
6.509405031098781,7.416693550251662,0.6804663893646608,6.174500486467292,0.5800716869874577,2901.7731875285435
7.899838418489317,8.174231771086085,0.20579501444757575,7.537383514930045,0.6277903084171361,2901.7731875285435
7.0507271265008695,4.494882800534616,0.6389610814915634,6.689819241500231,0.6251107936733311,2901.7731875285435
6.902362768089554,7.040901966351323,0.10390439869632706,6.570569600722894,0.5746826234832575,2901.7731875285435
8.329418316436474,9.102322314346084,0.5796779984322078,7.996226821394413,0.5771045980626848,2901.7731875285435
7.323790324199553,8.319047439738645,0.7464428366543188,6.981585616367982,0.5927159405535439,2901.7731875285435
10.314650979247528,10.682868914227797,0.2761634512352016,9.938853765759958,0.6508998671032772,2901.7731875285435
8.073083615014284,8.052774310664141,0.0050773260875356385,7.703472904355319,0.6401845298829666,2901.7731875285435
7.927653104525895,7.658646614688243,0.06725162245941307,7.553318788804312,0.6483660538463116,2901.7731875285435
7.094288158196919,5.866007214649227,0.30707023588692306,6.745125942870194,0.6047666970291925,2901.7731875285435
5.6469944315928435,3.775395681269685,0.4678996875807896,5.288316682574708,0.621248084843849,2901.7731875285435
8.303578618321602,6.772669158244833,0.38272736501919224,7.967686942918921,0.5817814476368751,2901.7731875285435
7.380186917729716,6.444832005228941,0.2338387281251939,7.0009774505751485,0.6568100638228337,2901.7731875285435
6.35090001966042,7.224327226342847,0.6550704050118203,6.017891142094935,0.576788295314904,2901.7731875285435
7.6628421791558985,8.24653960915387,0.4377730724984792,7.329823325585361,0.5768055742625117,2901.7731875285435
7.401338040006472,8.012299857387278,0.4582213630356047,7.0223163024428885,0.6564849066331644,2901.7731875285435
8.009310920946136,8.462050810061253,0.33955491683633765,7.679248507739299,0.5716848693430365,2901.7731875285435
6.332642789134786,4.20650178581446,0.5315352508300815,5.982826358570872,0.6058998310590894,2901.7731875285435
7.470032492650803,6.030581620913606,0.35986271793429925,7.1092722819327125,0.6248550143129864,2901.7731875285435
7.569838011314473,5.01519087536788,0.6386617839866482,7.207044984601811,0.6283759548980227,2901.7731875285435
6.520877417064022,4.6959498129660195,0.4562319010245006,6.1548378324926345,0.633999158059048,2901.7731875285435
6.423969805835426,4.972943799397819,0.36275650160940187,6.087524792186083,0.582739857593867,2901.7731875285435
6.222691242799245,5.740404332138405,0.12057172766521007,5.852326079855019,0.6414912795729246,2901.7731875285435
8.085041206306345,6.126016984675962,0.4897560554075957,7.739839593402021,0.5979067324050124,2901.7731875285435
8.053119916501151,6.11363038953924,0.48487238174047786,7.686615292382101,0.6348046301831289,2901.7731875285435
9.370343767827192,7.138002388692108,0.558085344783771,8.984000944804933,0.6691653986141453,2901.7731875285435
6.117769839425481,5.620199934137357,0.12439247632203099,5.765426600999861,0.6102763906565289,2901.7731875285435
6.7051830161618025,6.951205709392997,0.18451701992339564,6.3575965923522695,0.6020373460592804,2901.7731875285435
8.475411128361491,7.928286136387841,0.1367812479934125,8.118118104888381,0.6188496698453245,2901.7731875285435
6.193400146571426,4.973107257887007,0.3050732221711048,5.807116289132026,0.6690632672287343,2901.7731875285435
6.265223578022221,7.403394998760502,0.853628565553711,5.90979381837918,0.6156224022237407,2901.7731875285435
6.909626657932753,7.4441773055742,0.4009129857310856,6.546817914083526,0.6284031777771035,2901.7731875285435
6.766534619611849,6.147223890642145,0.15482768224242593,6.406073900307119,0.6243362799686163,2901.7731875285435
6.156256819065044,4.569948449413069,0.3965770924129939,5.813243341088642,0.5941167715360376,2901.7731875285435
8.529789097695769,6.651290518375626,0.46962464483003563,8.186585823877957,0.5944455075764247,2901.7731875285435
5.352327810354716,5.814260184250319,0.34644928042170253,5.014789140130974,0.5846341263467567,2901.7731875285435
6.69734211482792,4.962794571715075,0.43363688577821136,6.347911027109957,0.6052323976715699,2901.7731875285435
8.057879162894444,8.360467277063734,0.2269410856269669,7.673729396591523,0.6653669129523699,2901.7731875285435
7.9296885412656275,8.530594424101333,0.45067941212677876,7.558427734526891,0.6430425801305023,2901.7731875285435
7.9302530075501565,7.600777589069198,0.08236885462023968,7.56591636726544,0.6310495720320747,2901.7731875285435
6.418203594544232,4.882198277725495,0.3840013292046842,6.059022023581646,0.6221207300496053,2901.7731875285435
6.429954189534873,6.131368919210393,0.07464631758111984,6.101463530522244,0.5689625112216565,2901.7731875285435
6.808655005489425,5.8519422046511975,0.23917820020955682,6.422536553347889,0.6687767768489917,2901.7731875285435
7.196458447435427,7.588056506989561,0.29369854466560064,6.861732065980169,0.5797630993141885,2901.7731875285435
6.741796955011827,5.704194080852863,0.2594007185397409,6.387647549333488,0.6134047641052036,2901.7731875285435
9.458674015145501,7.769694283706928,0.4222449328596434,9.085618322733598,0.6461514133102038,2901.7731875285435
6.8325529846409285,6.775090436193574,0.01436563711183858,6.4620704849642285,0.6416945127551642,2901.7731875285435
10.11225613247687,8.959106158389124,0.2882874935219366,9.748620658833183,0.6298351157852419,2901.7731875285435
8.685138600282555,8.728018238172986,0.03215972841782344,8.327942773284166,0.6186813206127929,2901.7731875285435
8.08178033040169,7.988203439722883,0.023394222669701703,7.699230855996514,0.6625951260785359,2901.7731875285435
6.304032978086403,6.335326571216329,0.02347019484744406,5.941182230877265,0.6284759297305587,2901.7731875285435
8.26542551868535,8.110155393247913,0.03881753135935906,7.883490444460062,0.6615309537507874,2901.7731875285435
6.986833572618931,6.970708800748364,0.004031192967641761,6.605470092653179,0.6605409234519584,2901.7731875285435
5.979005982140242,5.8586117864215455,0.030098548929674118,5.609722048458488,0.6396185355556928,2901.7731875285435
6.127082622776542,5.720100705332041,0.10174547936112521,5.7860044302204,0.5907647588609989,2901.7731875285435
7.326179691222218,5.874871108349961,0.3628271457180643,6.946997419736838,0.6567629595420541,2901.7731875285435
7.880976107186924,7.931674542241291,0.0380238262907755,7.50731977920641,0.6471917446318689,2901.7731875285435
7.044014846863963,4.910187187648541,0.5334569148038555,6.6853770611775865,0.6211788663228023,2901.7731875285435
8.437663281698683,8.425620096126632,0.0030107963930126047,8.061792072416065,0.6510280315798493,2901.7731875285435
7.285290115727419,8.126850597047657,0.6311703609901786,6.909945893471162,0.6501152632752613,2901.7731875285435
7.490332360949348,7.950076781049122,0.3448083150748307,7.157070045714795,0.5772272622342828,2901.7731875285435
9.502992870719169,9.299058655367132,0.05098355383800923,9.155606402523365,0.6016910127770424,2901.7731875285435
7.709543710680139,7.231480123076806,0.1195158969008332,7.3757227460056285,0.5781948714479078,2901.7731875285435
7.549132850027378,8.012297312321603,0.3473733467206688,7.185662081967089,0.6295498373465044,2901.7731875285435
6.253735369446218,5.0804218355254,0.2933283834802045,5.882616585660639,0.642796589159792,2901.7731875285435
6.468619732373965,7.3643727614677825,0.6718147718203629,6.125397817295616,0.5944777951867923,2901.7731875285435
6.4360291585783225,6.0042581749225,0.1079427459139557,6.083412517593782,0.6107499377794976,2901.7731875285435
6.04971735170129,5.610790102996872,0.10973181217610439,5.702915836096009,0.600677845170237,2901.7731875285435
5.683692820496918,5.161253110774459,0.13060992743061473,5.288447775894064,0.6845844986919704,2901.7731875285435
6.730924082917725,6.203552518962084,0.13184289098891022,6.363080124172495,0.6371244258040086,2901.7731875285435
5.868614499643879,7.042931884662657,0.8807380387640835,5.482661238500032,0.6684906576480419,2901.7731875285435
8.837942224911965,7.946042791404598,0.2229748583768416,8.506626248405343,0.5738561046687661,2901.7731875285435
5.511719776232855,6.36797148032288,0.6421887780675186,5.187223571774744,0.5620439129847069,2901.7731875285435
6.92511177771693,8.004047811273223,0.8092020251672194,6.572043841758525,0.6115316036034325,2901.7731875285435
8.134840252066834,7.618739650452879,0.12902515040348872,7.787818799102358,0.6010587878508439,2901.7731875285435
6.546832934873239,6.316623955094924,0.05755224494457867,6.205987933185616,0.5903608604288613,2901.7731875285435
8.994359090025302,9.962321834796391,0.7259720585783169,8.637807195591105,0.6175659966949663,2901.7731875285435
8.989803186927679,9.57744219637243,0.4407292570835639,8.650772277063735,0.5872187612206542,2901.7731875285435
7.610812459065001,7.664425244091451,0.040209588769837046,7.2382467725349695,0.6453026982267949,2901.7731875285435
7.796673280389229,8.420776572011665,0.46807746871682654,7.4387206421158805,0.6199921561927647,2901.7731875285435
7.686886349181106,8.131343966854784,0.33334321325525873,7.338912959787981,0.6027075901108402,2901.7731875285435
6.652781802779978,7.351848811373916,0.5243002564454537,6.315890768280164,0.5835123883681166,2901.7731875285435
6.964548428771191,5.533312451160812,0.3578089944025946,6.5930085375206815,0.6435259686844975,2901.7731875285435
7.417183386423831,5.6069523021067145,0.4525577710792792,7.044598236900731,0.6453364091196567,2901.7731875285435
6.404995271395364,7.178421785574794,0.5800698856345721,6.043823577168012,0.6255677246575062,2901.7731875285435
6.938004723204139,6.408386441981202,0.13240457030573416,6.563552714725562,0.6485699036811068,2901.7731875285435
6.9473125948071734,8.200106384129649,0.9395953419918566,6.619877708620819,0.5671338590452986,2901.7731875285435
7.406603221583216,5.978813455731974,0.35694744146281066,7.022354417056725,0.6655384521874845,2901.7731875285435
5.192911101901649,3.658016981254219,0.38372353016185756,4.855192794761206,0.5849452666133991,2901.7731875285435
7.576269535569929,8.19261012662069,0.46225544328807033,7.225712379036681,0.6071828060724608,2901.7731875285435
7.827070644036248,7.872759238059479,0.03426644551742308,7.44402749521687,0.6634501952463299,2901.7731875285435
6.773427509035742,6.968315771317383,0.14616619671123043,6.435832801450388,0.5847311859041908,2901.7731875285435
6.791382193083285,6.105144806182411,0.17155934672521855,6.441487776540482,0.6060349067368034,2901.7731875285435
9.600890527613494,8.686585794498304,0.22857618327879736,9.255054567921556,0.5990054532707778,2901.7731875285435
6.6519315531325125,5.558229437820044,0.2734255288281171,6.274635843218863,0.6534953390482096,2901.7731875285435
9.072561086039538,8.303838411235677,0.19218066870096528,8.724251364457217,0.6032901345507504,2901.7731875285435
8.134961299463209,7.499122946090893,0.158959588343079,7.787363517193068,0.6020570194901466,2901.7731875285435
6.056256191602972,4.917118491969749,0.2847844249083058,5.717043120529067,0.5875342736914763,2901.7731875285435
8.77014584088691,9.212843321336114,0.33202311033690357,8.411018509582203,0.6220267842063728,2901.7731875285435
6.224457242426694,6.49360703951776,0.20186234781829926,5.860849131150156,0.6297877227751226,2901.7731875285435
6.8065338461354425,8.010948685643115,0.9033111296307541,6.441949081928435,0.6314793352720567,2901.7731875285435
8.305544886351916,7.566562016343333,0.18474571750214563,7.924811066769648,0.6594503196762502,2901.7731875285435
6.895504473228626,6.730615194163812,0.041222319766203386,6.540182608418779,0.615435522890775,2901.7731875285435
7.5812099081954205,8.100966535694647,0.3898174706244202,7.242681406537965,0.5863485646808771,2901.7731875285435
9.51025697889134,8.308493198073535,0.3004409452044512,9.154131915525177,0.6168267035988799,2901.7731875285435
7.560674654955,7.782769495232218,0.16657113020791336,7.216420155038246,0.5962662845900344,2901.7731875285435
6.877450100353795,7.691477837018771,0.6105208024987316,6.534463612868521,0.5940700226340819,2901.7731875285435
8.351997212942065,8.324677321251277,0.006829972922696825,7.996792283246594,0.6152329853314862,2901.7731875285435
7.581667006679316,6.504295176510499,0.2693429575422044,7.202578672069681,0.6566002561005597,2901.7731875285435
6.996085959095263,7.883033428285562,0.6652106018927244,6.6479586257094905,0.6029742289276265,2901.7731875285435
7.660908945515715,8.420949182164081,0.570030177486275,7.287506189600629,0.6467525449311682,2901.7731875285435
7.096731490494802,7.459712042911781,0.27223541431273435,6.744202681356617,0.6105978085590891,2901.7731875285435
7.918956023587496,7.871614661678352,0.01183534047728596,7.585377217264803,0.5777754408790823,2901.7731875285435
7.554899620884356,8.012884782076355,0.3434888708939994,7.209176217788593,0.5988104995274773,2901.7731875285435
7.589640482487317,7.42976930170823,0.03996779519477167,7.20855756008245,0.660054983502059,2901.7731875285435
6.111613646711258,4.312792655266946,0.4497052478610779,5.762703201659397,0.6043306181212933,2901.7731875285435
5.983633611009049,5.2558735673402275,0.18194001091720535,5.597685061705759,0.6684824965008007,2901.7731875285435
9.025348548030253,6.842366540178288,0.5457455019629913,8.626262487222277,0.6912373339119379,2901.7731875285435
8.339126972889915,7.536936406219419,0.20054764166762395,7.998736845613117,0.5895729948382488,2901.7731875285435
7.172355938541678,4.722092185460394,0.612565938270321,6.816492737751571,0.61637314431255,2901.7731875285435
7.963122553111911,8.533724598057992,0.4279515337095605,7.631588364582139,0.5742340589796837,2901.7731875285435
6.876454678305999,6.9350145838777975,0.043919929178849015,6.516398210180974,0.6236360963863469,2901.7731875285435
7.174890254543773,5.933315003179332,0.31039381284111034,6.809457574303223,0.6329479689227047,2901.7731875285435
7.688410375296949,8.630164548291829,0.7063156297461595,7.351146222632735,0.5841586479860844,2901.7731875285435
8.02690667483918,8.21094978550982,0.1380323330029798,7.662212998128577,0.6316679772618622,2901.7731875285435
7.31187110503034,6.229977382148477,0.2704734307204657,6.961208084896647,0.6073661672071045,2901.7731875285435
7.188013205385325,7.575180390897216,0.29037538913391825,6.822952871541773,0.6323030460450895,2901.7731875285435
5.812426148464454,5.837534734280801,0.01883143936226017,5.440758059227836,0.6437480141098673,2901.7731875285435
5.402646560070916,4.809336365785824,0.14832754857127295,5.022062847377669,0.659190326917899,2901.7731875285435
8.451587427653159,8.034909208373087,0.1041695548200181,8.102272513677992,0.6050311788465418,2901.7731875285435
9.020611082648776,7.596727628618168,0.35597086350765195,8.685404731808827,0.5805944306745496,2901.7731875285435
8.338902130288254,7.093207244327612,0.3114237214901605,7.9764602220121015,0.6277677999265164,2901.7731875285435
8.824292187405767,7.158958681830744,0.4163333763937558,8.488720377663416,0.581227424061588,2901.7731875285435
4.880118440397549,5.399215190463714,0.3893225625496237,4.545469381653518,0.5796291724497635,2901.7731875285435
8.599075414783558,8.51929440171954,0.019945253266004492,8.246404769078797,0.6108434766987678,2901.7731875285435
7.3719800670848565,5.235449227596372,0.5341327098721211,7.041543153233958,0.5723335234860161,2901.7731875285435
7.411865910659715,8.038771443607118,0.47017914971055186,7.058204820394829,0.6125589769989852,2901.7731875285435
4.715647068616195,3.488468022274619,0.306794761585394,4.373275700331123,0.5930046049266199,2901.7731875285435
8.384204663014428,6.573040366735113,0.45279107406982866,8.012895299208534,0.6431266834378843,2901.7731875285435
8.469380236448629,8.954001690700956,0.3634660906892453,8.080361352793965,0.6738004715936052,2901.7731875285435
6.630504789146088,6.399260246269416,0.05781113571916796,6.259200002754113,0.6431187551244097,2901.7731875285435
6.824415724645826,5.523963286339095,0.3251131095766828,6.440813820647109,0.6644179876059365,2901.7731875285435
6.698499120160555,7.717054949906343,0.7639168723093408,6.347487880131052,0.6079693017588554,2901.7731875285435
8.185261657439067,8.679703744504504,0.3708315652990777,7.847690462001323,0.5846904616699381,2901.7731875285435
8.097991085573346,7.574560916392509,0.13085754229520918,7.748583941005725,0.6051909269186848,2901.7731875285435
7.258305574107399,6.427490313809519,0.2077038150744699,6.899955033264627,0.6206813436594679,2901.7731875285435
7.903100062248127,7.202892142799483,0.17505197986216103,7.551556698039537,0.6088909678729676,2901.7731875285435
6.166206468574277,6.568475501255047,0.3017017745105772,5.810672053517132,0.6158036707182553,2901.7731875285435
5.8888367910561215,4.49800656516561,0.34770755647262797,5.552514824069596,0.5825267345221643,2901.7731875285435
8.837376606791269,9.225733119864524,0.2912673848049412,8.475048163389518,0.627571272999175,2901.7731875285435
8.054197353341026,6.536078121076213,0.3795298080662033,7.716330846967383,0.5852019552149452,2901.7731875285435
7.487425525349942,7.448247351832336,0.009794543379401555,7.132886290167516,0.6140799686125739,2901.7731875285435
9.009348924458493,9.80605434761121,0.5975290673645381,8.668594468333822,0.590204030913429,2901.7731875285435
7.655429875035214,6.247891519283132,0.35188458893802044,7.31604548507791,0.5878310067018186,2901.7731875285435
7.564439163988385,6.127643782159697,0.35919884545717196,7.250510624557711,0.543740180239818,2901.7731875285435
7.284958666312663,8.269694907586445,0.7385521809553359,6.905314222378247,0.6575634657056433,2901.7731875285435
7.092998996944234,5.385184245098166,0.426953687961517,6.717356385699333,0.6506320881640143,2901.7731875285435
6.581332181045568,6.8791497645096475,0.22336318759805995,6.214870585670814,0.634730102211821,2901.7731875285435
6.427678480835828,5.488662727319474,0.23475393837908864,6.100415580597106,0.5668359706458118,2901.7731875285435
6.907280153476067,7.420443414260898,0.38487244558862366,6.5700079924917265,0.5841725188034261,2901.7731875285435
7.348016470676196,5.39568981144769,0.48808166480712645,6.9593851341703665,0.6731292202414947,2901.7731875285435
6.892623865789379,5.281812359482116,0.4027028765768159,6.5506729234362355,0.5922764058517006,2901.7731875285435
7.053537894964892,4.3388845689119915,0.6786633315132251,6.69047213505522,0.6288483426521545,2901.7731875285435
8.48436387949546,8.82761629243237,0.25743930970268325,8.118354277663633,0.63394722643078,2901.7731875285435
8.060499813518836,5.801508601780839,0.5647478029344994,7.705166170088274,0.615455924060296,2901.7731875285435
8.289828824371753,8.87874348243996,0.44168599355115523,7.935657836027449,0.6134421463792196,2901.7731875285435
8.42462320201485,8.725344672937268,0.22554110319181397,8.063720961642574,0.6251010168902181,2901.7731875285435
7.298257582694656,5.223105399609873,0.5187880457711957,6.968351594544904,0.5714139331965861,2901.7731875285435
6.375203978001761,4.139827642586297,0.558844083853866,5.989866787310982,0.6674235923222863,2901.7731875285435
7.889178619006336,6.034607105153205,0.4636428784632829,7.544547545837467,0.5969185285954686,2901.7731875285435
7.686924568216571,7.413120953550283,0.06845090366657192,7.331121500046702,0.6162689915591056,2901.7731875285435
6.53849209331394,5.509593139009076,0.2572247385762161,6.155354838787528,0.6636131911121937,2901.7731875285435
8.606979364850572,6.928035847132697,0.4197358794294688,8.25233210256205,0.6142670770489266,2901.7731875285435
8.458151699997893,8.152091674980245,0.07651500625441221,8.075255347429888,0.6631959366805913,2901.7731875285435
7.785774526950464,8.174280244839258,0.29137928841659555,7.441044590631201,0.5970897645949477,2901.7731875285435
6.549357396282547,5.921042960134867,0.15707860903692006,6.202830490702365,0.6002022066544985,2901.7731875285435
7.513251348080259,6.730512649722251,0.195684674589502,7.13531579135679,0.6546035862318782,2901.7731875285435
7.403439102000795,7.736314967783013,0.24965689933666346,7.075622478039405,0.5677950482668299,2901.7731875285435
6.59654892390191,6.74401870584798,0.11060233645955231,6.2159535854969,0.6592104632413486,2901.7731875285435
7.403631138990026,6.896040060900285,0.12689776952243514,7.0373915719119555,0.6343455379212465,2901.7731875285435
9.187534022640847,7.499204954476868,0.4220822670409947,8.822046752350051,0.6330425216633168,2901.7731875285435
7.061168500257816,7.827746137361493,0.5749332278277579,6.6795436415443294,0.6609936447230528,2901.7731875285435
8.984808545989363,8.827877270048434,0.03923281898523223,8.61717316250672,0.6367631628520054,2901.7731875285435
6.8362819351925515,5.321087727665844,0.37879855188167677,6.489509181516254,0.600628028047914,2901.7731875285435
7.432579393209337,7.6141918971078,0.1362093779238478,7.067340886143492,0.6326116511186486,2901.7731875285435
8.148479751955731,6.518716000372612,0.40744093789577995,7.783712695314491,0.6317950750299821,2901.7731875285435
9.862749071698085,8.30956358643201,0.38829637131651884,9.484305470173133,0.6554835456405657,2901.7731875285435
5.474772082602498,4.810054415795767,0.1661794167016828,5.14536755288915,0.5705453817068513,2901.7731875285435
7.1652329759654965,7.681281386436149,0.3870363078529895,6.801804997276788,0.6294757239809016,2901.7731875285435
5.732100505972276,6.599544637217811,0.6505830984341514,5.379203495264395,0.6112355523852274,2901.7731875285435
5.933104387010645,5.15959012310478,0.1933785659764662,5.564281646027702,0.6388197263692739,2901.7731875285435
7.725576555862757,7.826143513775663,0.07542521843467953,7.35406332835063,0.6434797857348997,2901.7731875285435
8.70435752009019,8.354719574207863,0.08740948647058167,8.346155235130956,0.6204245569366588,2901.7731875285435
6.680170776286764,7.231433502034234,0.4134470443106022,6.315472296695093,0.6316762960958962,2901.7731875285435
6.968153768461635,5.208690756778305,0.4398657529208325,6.638908084840409,0.5702702522047116,2901.7731875285435
6.606244001811914,6.890057979535621,0.21286048329278007,6.235996958167561,0.6412866909441909,2901.7731875285435
6.1803833729494135,5.483294793767691,0.17427214479543074,5.835956060143264,0.596565605294669,2901.7731875285435
9.132064741027635,9.788290902758096,0.49216962129784525,8.792292449799472,0.5885028714112693,2901.7731875285435
6.948449869399355,8.355752320614943,1.055476838411691,6.567365837217688,0.6600569056918606,2901.7731875285435
5.288407496348072,6.557206743381469,0.9515994352750476,4.906874844240605,0.6608339381966347,2901.7731875285435
7.447790539386449,8.346383152253965,0.6739444596506374,7.069978709727903,0.6543892846691591,2901.7731875285435
7.274507981498796,6.479759448893405,0.19868713315134778,6.916579206347578,0.6199508240528059,2901.7731875285435
7.14438168695686,7.136955829148559,0.0018564644520753237,6.767787961682616,0.6522794659866263,2901.7731875285435
7.6221726658631175,7.469236163671687,0.038234125547857545,7.253552934663471,0.6384681031101704,2901.7731875285435
7.908027913389166,8.510466846808958,0.4518292000648443,7.531043225553125,0.6529566330075157,2901.7731875285435
8.86045449651572,10.314626014727288,1.0906286386586763,8.509016537322566,0.6087084010308611,2901.7731875285435
7.191849297849893,5.800137013191492,0.34792807116460023,6.835100584055428,0.6179068978268616,2901.7731875285435
8.369318740850185,6.673729479886583,0.42389731524090046,8.001909698766148,0.6363711280497635,2901.7731875285435
8.396035971601247,7.441155805808332,0.23872004144822867,8.049341167639636,0.6004930151816418,2901.7731875285435
4.6654374214611245,5.991901851920062,0.9948483228442031,4.315894635530333,0.6054258646513022,2901.7731875285435
8.929649316204035,8.740478192815596,0.04729278084710975,8.568243505260796,0.6259732267043233,2901.7731875285435
8.463544215559894,7.963688900429461,0.12496382878260825,8.089496827333662,0.6478690808462749,2901.7731875285435
6.240787826027208,6.039275298483776,0.050378131885857824,5.878025777404927,0.6283222992715616,2901.7731875285435
8.575305849043799,9.386417869639454,0.6083340154467409,8.213262360524315,0.6270777166652265,2901.7731875285435
4.843066865402882,4.962423282809854,0.08951731305522892,4.464418988145239,0.6558373615883428,2901.7731875285435
8.471742047766748,8.349571482768454,0.03054264124957351,8.084931458530075,0.6699755934635704,2901.7731875285435
7.733327351005155,7.489235278414827,0.06102301814758193,7.3719725815456245,0.6258848202612446,2901.7731875285435
6.599900967073209,6.40820018238321,0.047925196172499795,6.237828710505799,0.6271275443858683,2901.7731875285435
9.133979800465857,10.266446419065437,0.8493499639496846,8.768304752506285,0.6333677621261641,2901.7731875285435
9.614346267934309,8.027553959283898,0.39669807716260275,9.22046490464499,0.682222533371594,2901.7731875285435
7.614577723128716,6.5768905704318295,0.25942178817422157,7.25905463076197,0.615784059243207,2901.7731875285435
7.235678978624921,6.131763460603196,0.2759788795054312,6.891693362977006,0.595800563375048,2901.7731875285435
8.375492433894063,8.438897329408954,0.04755367163616819,8.031058811771487,0.5965765333512828,2901.7731875285435
9.524032495051387,10.56073758353147,0.7775288163600624,9.158047290979777,0.6339049682704933,2901.7731875285435
7.056278798355212,7.693247397342625,0.47772644924055974,6.6773098984189225,0.6563933891781394,2901.7731875285435
7.508988789873497,6.502216299033726,0.2516931227099426,7.169763093249592,0.5875561417855506,2901.7731875285435
5.929724314540401,6.405396933320337,0.35675446408495204,5.591896502324293,0.5851349349681373,2901.7731875285435
9.297017064256368,8.879225651867525,0.10444785309721061,8.919037440386624,0.654679912768168,2901.7731875285435
6.614190625511542,6.074055200037449,0.13503385636852316,6.2457049869163965,0.638235847906255,2901.7731875285435
4.904226140147904,4.348177812516335,0.13901208190789238,4.572022845897957,0.5753929840826635,2901.7731875285435
7.112232418077565,8.030087590227938,0.6883913791127794,6.771484736869328,0.5901922964139484,2901.7731875285435
8.682352391682523,9.175377242640224,0.36976863821827566,8.338720189776023,0.5951884328188238,2901.7731875285435
7.32592064992898,6.550154850831173,0.19394144977445182,6.962700442601513,0.6291158534268746,2901.7731875285435
8.4073982838524,7.9574100453087215,0.1124970596359196,8.055412744202744,0.6096568382027544,2901.7731875285435
7.688115510175728,6.3243313935196745,0.3409460291640134,7.35721901617598,0.5731295396539728,2901.7731875285435
8.531216525576953,7.046960636976909,0.3710639721500111,8.201585614685266,0.5709374854096125,2901.7731875285435
6.045448260972457,4.866853277230479,0.2946487459354945,5.651346750335463,0.6826038397629205,2901.7731875285435
5.253745972728332,5.668651406218514,0.3111790751176362,4.892489244882951,0.6257150072042826,2901.7731875285435
7.371471535535398,6.365092338714168,0.2515947992053076,7.013727865326576,0.6196302128878436,2901.7731875285435
7.77739444503055,6.040371968936473,0.4342556190235194,7.403429140683054,0.6477269073978228,2901.7731875285435
6.226029947211326,6.2240193085183675,0.0005026596732395916,5.858795254899171,0.6360691453865762,2901.7731875285435
6.453958005328281,4.407947731928052,0.5115025683500574,6.112344639444689,0.5916917062549966,2901.7731875285435
7.442932284295132,6.205887994435493,0.30926107246490986,7.102737791444282,0.5892341460727994,2901.7731875285435
6.824425631701183,6.650643663000857,0.04344549217508131,6.472495919464317,0.609560142287346,2901.7731875285435
7.521931326953006,7.934676019560445,0.3095585194555792,7.158405282482622,0.629645578897249,2901.7731875285435
7.35680853246827,7.86986349659159,0.3847912230924895,7.022088959229016,0.57975130713816,2901.7731875285435
6.329723504097549,6.328723536822511,0.0002499918187595096,5.966160961530963,0.6297087954542503,2901.7731875285435
5.267522805964884,4.2243542084966785,0.2607921493670513,4.933972730975498,0.5777256767500257,2901.7731875285435
7.135775598629427,5.252612044452823,0.47079088854415096,6.786714191499445,0.6045920921106137,2901.7731875285435
8.76677371095466,9.434783460227118,0.5010073119543441,8.412516855900707,0.6135908718830079,2901.7731875285435
6.530159346689881,6.14623669614099,0.0959806626372226,6.165891752953284,0.630929979902644,2901.7731875285435
8.527096740116264,7.056867206524698,0.36755738339789135,8.156902990458505,0.6411943830516724,2901.7731875285435
7.635559742522413,7.90666770823532,0.20333097428468005,7.293085235531546,0.5931832464052847,2901.7731875285435
8.541998153871534,6.994806707954175,0.3867978614793397,8.184409368972346,0.619361943662212,2901.7731875285435
8.353899147713461,9.328824742825384,0.7311941963339423,8.01949984174607,0.5791965879512921,2901.7731875285435
7.923649009956516,9.08427017973144,0.8704658773311935,7.570516935060704,0.6116426955017641,2901.7731875285435
6.5798507996112505,6.937055227027543,0.26790332056221966,6.215656235495214,0.6308034888893763,2901.7731875285435
6.884989072801018,7.938742894476388,0.7903153662565274,6.501388873011463,0.6644150358290813,2901.7731875285435
6.330183120231281,4.930893582502552,0.34982238443218217,5.974162170026405,0.6166463743137941,2901.7731875285435
6.511044388096213,4.982263771123813,0.3821951542430999,6.1526361032799315,0.6207813591554165,2901.7731875285435
8.557380651633107,8.20823801664767,0.0872856587463593,8.201745245906308,0.6159785916891887,2901.7731875285435
8.606526653474825,7.358635382286844,0.31197281779699515,8.268264038088162,0.5858880361508313,2901.7731875285435
6.491095547787752,7.09304689103509,0.451463507435504,6.1633610467141935,0.5676528072526394,2901.7731875285435
8.44980172174077,8.74777017858459,0.22347634263286542,8.081402043255313,0.6380869606288503,2901.7731875285435
9.38633218121105,10.09581468006042,0.5321118741370277,9.02706454017072,0.6222698077972684,2901.7731875285435
9.035498157906073,9.408791767026775,0.279970206840527,8.662177647022832,0.6466100923573422,2901.7731875285435
8.124721972528713,7.982064630353457,0.035664335543813985,7.779169244751463,0.598514881204214,2901.7731875285435
8.799819249961603,9.840095397718231,0.7802071108174715,8.43388516832104,0.6338164216225113,2901.7731875285435
6.908704686857314,7.634578389952101,0.5444052773210901,6.542848694890717,0.6336811663396585,2901.7731875285435
4.457524134723519,5.270504397833062,0.6097351973321576,4.089660715645023,0.637158132089958,2901.7731875285435
6.6047146866022635,5.718878388509422,0.22145907452321034,6.242050607925185,0.6281526103488569,2901.7731875285435
7.564025541314669,6.55919827229468,0.25120681725499705,7.182805843895197,0.6602918847765588,2901.7731875285435
7.705694072047744,8.078358446480848,0.2794982808248283,7.362780657420931,0.5939434567305729,2901.7731875285435
7.0405596096861185,6.533440271252259,0.12677983460846498,6.674054102187192,0.6348061602419566,2901.7731875285435
8.286781689467821,8.742024041034147,0.3414317636747448,7.9156726124255,0.6427797765872921,2901.7731875285435
6.277167199754355,5.132034689350999,0.28628312760083885,5.891297781816636,0.6683454369551582,2901.7731875285435
7.723603968747588,8.14130040778171,0.3132723292755917,7.383291174609704,0.5894390499125414,2901.7731875285435
7.807014622218739,7.439645687461253,0.09184223368937161,7.449329245173793,0.6195292461662771,2901.7731875285435
5.892631849559925,5.144887803197308,0.1869360115906542,5.554423677899439,0.5857937368509386,2901.7731875285435
5.962111886584073,5.629473630294675,0.08315956407234948,5.604629246701659,0.619178095100189,2901.7731875285435
6.880716878672728,7.30791469889369,0.3203983651657214,6.523463865985858,0.618780369130708,2901.7731875285435
6.189115869141051,6.2244745078826025,0.02651897905616374,5.845303665772868,0.5955002044958952,2901.7731875285435
7.437504994641115,6.468705984678053,0.24219975249076553,7.100148579302322,0.5843184516260992,2901.7731875285435
6.667873751765397,6.007398195406669,0.16511888908968197,6.333543471596096,0.5790770317619662,2901.7731875285435
9.449852971793641,9.235695993630102,0.053539244540884656,9.061347374235602,0.6729114339954316,2901.7731875285435
6.000354901700587,7.060367011966278,0.7950090826992684,5.619281498750756,0.6600384953222747,2901.7731875285435
7.584204646683924,7.850936743952268,0.20004907295125784,7.2152694354056655,0.6390145306351019,2901.7731875285435
6.261859727157522,5.496202947808959,0.19141419483714084,5.92875093388382,0.57696135439801,2901.7731875285435
7.287616734500703,7.410163797698643,0.09191029739845513,6.906410531301988,0.6602685121005988,2901.7731875285435
8.525869657902074,9.23945207788904,0.5351868149902237,8.150887637299462,0.6494879116085646,2901.7731875285435
5.947666166273175,6.621248516676932,0.5051867628028179,5.61347064038581,0.5788436304991164,2901.7731875285435
7.427457712080697,7.930309954154278,0.37713918155518544,7.10689048882556,0.5552387179191726,2901.7731875285435
8.879822479322709,9.601490077804296,0.5412506988611909,8.535581407004347,0.596243027307394,2901.7731875285435
6.376553393731014,7.002455697003741,0.46942672745454517,6.024674197185459,0.6094726465434159,2901.7731875285435
9.06962272185225,7.6165606711361615,0.3632655126790221,8.695358934107874,0.6482438958064319,2901.7731875285435
9.37407260604859,8.95373541243072,0.10508429840446754,9.007105272643432,0.6356060661758026,2901.7731875285435
8.926297527551746,8.410702826592253,0.1288986752398733,8.570948467345886,0.6154826266984014,2901.7731875285435
5.169095533100668,6.22939405554005,0.7952238918295365,4.8120477482540265,0.6184249040843043,2901.7731875285435
5.590997897451864,3.930061593105111,0.41523407608668816,5.262826094270271,0.568410236722012,2901.7731875285435
7.364247698673689,6.935153993205682,0.10727342636700188,7.035165936464198,0.5699863319911389,2901.7731875285435
7.8636362462499605,6.919764783822491,0.23596786560686733,7.50843499550626,0.615226613200102,2901.7731875285435
7.536467888055494,7.624257199685753,0.06584198372269445,7.1945823568788345,0.5921631103706478,2901.7731875285435
9.429693440056406,8.2600239356048,0.29241737611290164,9.075449999099456,0.6135676379854613,2901.7731875285435
5.263063959750719,3.893754068546024,0.3423274728011737,4.923451096018578,0.5882267348880333,2901.7731875285435
8.406891897872436,7.573772002340932,0.208279973882876,8.045627532460376,0.6257282358578162,2901.7731875285435
6.478102732040704,4.428564236295146,0.5123846239363896,6.0915933596855325,0.6694538705207149,2901.7731875285435
10.107638000530079,9.248977999278388,0.21466500031292268,9.751024917374679,0.6176719786689393,2901.7731875285435
7.869666934072925,7.442236525954096,0.1068576020297074,7.517804250728203,0.6094440448405792,2901.7731875285435
7.3490351759172885,7.894424569219254,0.409042044976474,6.999214877622311,0.6059065301658006,2901.7731875285435
8.816584822235592,8.433924329585492,0.09566512316252496,8.462399517256312,0.6134669435183908,2901.7731875285435
7.296730735963232,4.521553746061097,0.6937942474755336,6.917880511829189,0.6561878366590184,2901.7731875285435
7.47823867467071,6.789193666250841,0.17226125210496712,7.086565732713446,0.678397435419957,2901.7731875285435
6.848652860136474,7.045293922981352,0.1474807971336587,6.49625217694186,0.6103758879150533,2901.7731875285435
4.17296224092624,2.9922558976856655,0.2951765858101436,3.830700704414294,0.5928143707152803,2901.7731875285435
7.576118227501855,5.956260309590188,0.4049644794779168,7.220255458872092,0.6163723957888773,2901.7731875285435
6.993592254301689,4.076357599157333,0.7293086637860888,6.644961910427936,0.6038454686495486,2901.7731875285435
9.477217861129986,8.035066934373365,0.36053773168915537,9.13165201902406,0.5985375958877891,2901.7731875285435
6.100514912009526,5.58816469028091,0.1280875554321541,5.759692609354514,0.590321544551099,2901.7731875285435
7.394328462441118,7.135720473460699,0.06465199724510473,7.048436721120176,0.599102069886344,2901.7731875285435
6.850291986356987,6.0925972727664615,0.1894236783976313,6.472385141977442,0.6545538549933959,2901.7731875285435
7.770868452152781,7.264578936161921,0.12657237899771512,7.38089439244944,0.6754548850400864,2901.7731875285435
8.065447606580516,7.388258858514952,0.16929718701639107,7.732358211687258,0.5769277554174985,2901.7731875285435
4.4770187598670965,5.06494705033588,0.44094621785158794,4.137585987967758,0.5879148066835914,2901.7731875285435
9.353526621033053,10.847511249496325,1.1204884713474539,8.986232496688022,0.6361720846871146,2901.7731875285435
8.257051632189702,8.464423589394757,0.15552896790379123,7.8853995140146695,0.6437203514197489,2901.7731875285435
6.892410929721105,7.92253753789856,0.7725949561330907,6.555836960410553,0.5829632153510049,2901.7731875285435
7.785467171231283,7.891399054739402,0.07944891263108933,7.424472516013921,0.62526108409728,2901.7731875285435
4.739912060312422,4.842600254018508,0.07701614527956413,4.361025037133088,0.6562515744751336,2901.7731875285435
6.363383327030941,6.641211220026809,0.20837091974690147,6.020412675837239,0.5940425933724749,2901.7731875285435
5.463813702533166,6.104421392657239,0.48045576759305453,5.114831680031001,0.6044545939018946,2901.7731875285435
7.965107173993012,8.515413909947483,0.41273005196585366,7.577687085088224,0.6710312778559442,2901.7731875285435
8.777822752600182,9.33918414966599,0.4210210477993557,8.399057428770277,0.6560407850186731,2901.7731875285435
7.2782360264904575,5.978315614597235,0.3249801029733057,6.908013678869459,0.6412439161769967,2901.7731875285435
8.428339520750798,8.218669976629812,0.05241738603024659,8.077751862796319,0.6072356360837382,2901.7731875285435
7.5260225242038965,7.505902624574977,0.005029974907229784,7.1388066731231605,0.6706775275678584,2901.7731875285435
7.950645924391619,7.844428284855656,0.026554409883990715,7.6081700363347995,0.5931856384816828,2901.7731875285435
6.768232720453637,7.193031725612066,0.3185992538688214,6.398549714395022,0.6403097491883138,2901.7731875285435
8.000890603517409,7.2568957429080445,0.185998715152341,7.634503147605717,0.6346016888949536,2901.7731875285435
6.3522438148657585,6.153623985353939,0.04965495737795478,6.006379427975122,0.5990546906232422,2901.7731875285435
5.829308484523689,5.5306399338762375,0.07466713766186284,5.489291140984021,0.5889273144653071,2901.7731875285435
9.005470097589706,9.671675964093623,0.4996543998779379,8.65855394064688,0.6008764097915131,2901.7731875285435
7.34659942013721,6.506223176656627,0.2100940608701456,6.999559061313275,0.6010915337599891,2901.7731875285435
6.158921969569644,3.7337650237326216,0.6062892364592557,5.8278843385019385,0.5733739962265075,2901.7731875285435
8.249133163225709,7.772941275083726,0.11904797203549577,7.901136118306933,0.6027485626831476,2901.7731875285435
9.32094579139941,9.43492041106631,0.08548096475017486,8.950295914886535,0.6419844179394295,2901.7731875285435
5.479754013083006,5.282887280578451,0.049216683126138694,5.102426969452302,0.6535496106381371,2901.7731875285435
5.56873567710316,4.60026522376584,0.24211761333433013,5.220685423294555,0.6028407231837475,2901.7731875285435
7.460208428458961,6.516230195850421,0.235994558152135,7.12132893339926,0.5869565030866885,2901.7731875285435
7.416507912030586,5.314331328746045,0.5255441458211354,7.059787736656836,0.6178574678322164,2901.7731875285435
6.870487509396314,7.44026121867672,0.4273302819603042,6.50237078302691,0.6375968731877375,2901.7731875285435
9.193843085437681,9.143378184917832,0.012616225129962189,8.8226411169606,0.6429406692718843,2901.7731875285435
6.057836362144519,7.074778596907611,0.7627066760723189,5.715848534492348,0.5923402930636679,2901.7731875285435
8.134868569602636,9.479186375138353,1.0082383541517874,7.757557978826452,0.6535211134581804,2901.7731875285435
7.244629030471408,6.9549628361287,0.07241654858567714,6.87952652099206,0.6323760963891288,2901.7731875285435
8.235363716175963,8.361847888517909,0.0948631292564599,7.887287571874027,0.6028855668336291,2901.7731875285435
7.218726635469734,7.33128194384388,0.08441648128060963,6.85071409429673,0.6374164191341747,2901.7731875285435
7.286980450324546,4.869128413510404,0.6044630092035357,6.94934671369084,0.5847987861989083,2901.7731875285435
7.659233022266515,6.47788501852119,0.2953370009363314,7.300975406126225,0.6205203933534907,2901.7731875285435
6.124137344933297,4.6712635814355306,0.36321844087444166,5.75752909560769,0.6349841143058302,2901.7731875285435
5.733049069853583,5.150214217402892,0.14570871311267264,5.380789547777134,0.6101313896863402,2901.7731875285435
8.371495100755872,7.608871367329459,0.19065593335660336,8.029234336413786,0.5928130332778511,2901.7731875285435
8.315177869131073,8.41927534148531,0.0780731042656777,7.947935825743156,0.6360818778232873,2901.7731875285435
8.411003413115782,6.088430834419877,0.5806431446739764,8.048325251313768,0.6281770030367734,2901.7731875285435
8.724497392387311,9.297940850822815,0.43008259382662795,8.350762471668759,0.6473278712472585,2901.7731875285435
3.894870879420914,5.480660417616265,1.1893421536465136,3.5230370288947332,0.6440351210853164,2901.7731875285435
5.81448606512379,6.5628268972398,0.5612556240870072,5.45539932456477,0.6219564789725283,2901.7731875285435
6.866429883930123,7.165192741058425,0.22407214284622623,6.499425393983681,0.6356704231931389,2901.7731875285435
7.507610005489685,4.956986707648884,0.6376558244602002,7.138800720796679,0.638796419391421,2901.7731875285435
8.156803264524752,7.762946214808147,0.0984642624291514,7.8243873911621975,0.5757611819063263,2901.7731875285435
8.870610575011415,9.214938344216836,0.2582458269040657,8.493449915532619,0.6532614248334602,2901.7731875285435
6.919739748832527,7.132281497574607,0.15940631155655982,6.584200458777882,0.5811710983102357,2901.7731875285435
6.965982516943435,7.225977002656125,0.19499586428451776,6.5901603818656,0.6509430325638246,2901.7731875285435
7.793335025053313,7.46517421489692,0.08204020253909827,7.435726246547425,0.6193965736048436,2901.7731875285435
6.820178651854197,5.333401014454111,0.3716944093500214,6.480348907356515,0.5886023833931362,2901.7731875285435
6.84666695291197,7.949600981378639,0.827200521350002,6.4703216690370695,0.6518491528602594,2901.7731875285435
5.616825468636276,6.011355113516844,0.295897233660426,5.2700838642883285,0.600574075828591,2901.7731875285435
7.124862985332864,6.705540616813474,0.10483059212984758,6.756720758059857,0.6376410420484178,2901.7731875285435
5.588611865306151,6.733011757466203,0.8582999191200387,5.2127732494067365,0.6509715781841512,2901.7731875285435
7.755090340240456,7.3701616378106385,0.09623217560745445,7.3946700690120135,0.6242662218454177,2901.7731875285435
8.48307120941954,6.735930925106498,0.4367850710782606,8.134812110127541,0.6032024541719166,2901.7731875285435
7.221283322811582,7.926876678624549,0.5291950168597253,6.843415280512158,0.6544866478191883,2901.7731875285435
6.970460928198315,7.629161128783576,0.4940251504389457,6.581551542302875,0.6736108159113137,2901.7731875285435
7.2968114618006075,6.417803171395902,0.21975207260117635,6.9058126075447355,0.6772298812723889,2901.7731875285435
7.196159632865899,7.505626066740126,0.2320998254056701,6.809819997615019,0.6691598772321528,2901.7731875285435
6.668001969663285,6.883806505539756,0.16185340190735298,6.330685593359032,0.584249101983989,2901.7731875285435
5.954508051788764,6.22387025031585,0.20202164889531415,5.6019287384696606,0.6106852843664337,2901.7731875285435
7.0808907031114074,7.286016195569768,0.15384411934377074,6.728354906006343,0.6106099120727647,2901.7731875285435
7.383512635506856,7.653398032504374,0.20241404774813843,7.030411773958295,0.6115886323984505,2901.7731875285435
6.9053277664315065,7.296291754315313,0.2932229909128552,6.538773673609763,0.6348903124895784,2901.7731875285435
8.719946853937426,8.71440606986286,0.0013851960186412882,8.361290154382992,0.6212116261032453,2901.7731875285435
5.628421288685184,5.9658653600316445,0.2530830535098456,5.270855289632028,0.6193224774191908,2901.7731875285435
8.030603103456915,8.746840249634555,0.5371778596332302,7.683146336202018,0.6018127743191158,2901.7731875285435
6.090100259722318,4.989767343976981,0.2750832289363343,5.7299088591596234,0.6238698062239806,2901.7731875285435
9.29578702258419,9.33147190535608,0.026763662078918227,8.94417210530671,0.6090149014237253,2901.7731875285435
7.117572698466023,6.026582450768218,0.27274756192445127,6.747602197614135,0.6408077047771735,2901.7731875285435
6.093148532173003,7.433674592122846,1.0053945449623822,5.755739631565359,0.5844093587783967,2901.7731875285435
5.330486345336301,5.286659780242418,0.010956641273470957,4.981994894357047,0.6036048990994667,2901.7731875285435
4.845447495025345,4.48258249145906,0.09071625089157132,4.506510461154404,0.5870561632311629,2901.7731875285435
7.485155199434565,8.168511773128918,0.5125174302707649,7.141493787739891,0.5952390256560197,2901.7731875285435
9.382649208460252,9.833810118029708,0.338370682177092,9.033363220736426,0.604981077109547,2901.7731875285435
8.417018724834449,9.704346077369172,0.965495514401042,8.060069204259836,0.6182547053725833,2901.7731875285435
5.502138407824019,6.362713335614077,0.6454311958425434,5.13468308651694,0.6364512860154079,2901.7731875285435
8.486914727969449,8.875004185292559,0.29106709299233247,8.1390131590992,0.6025831933161939,2901.7731875285435
9.374349055359941,9.855973739736696,0.3612185132825658,9.018769866473823,0.6158812212648866,2901.7731875285435
6.764338577099494,6.460413702327475,0.07598121869300467,6.399610085989895,0.6317282775697594,2901.7731875285435
8.750509182662322,8.776502527710528,0.019495008786154955,8.383419030855698,0.635818793887243,2901.7731875285435
7.830328562070027,5.401653866684236,0.6071686738464477,7.437137431144384,0.6810270158486793,2901.7731875285435
6.1824566977751925,6.404938946945424,0.16686168687767355,5.839381789386014,0.5942231721320956,2901.7731875285435
5.290741021641259,4.689202034708015,0.15038474673331104,4.918905670255166,0.644037720650941,2901.7731875285435
9.008231037907969,7.114977477842285,0.4733133900164208,8.657453631762312,0.607564289591499,2901.7731875285435
8.569081608702668,6.3465155390498165,0.5556415174132128,8.227469180657314,0.5916900818715201,2901.7731875285435
7.560359703903754,7.53107108535487,0.007322154637221079,7.203814052177612,0.6175551840074356,2901.7731875285435
6.620005356891337,6.370362065696124,0.06241082279880317,6.242701449518922,0.6535095374632849,2901.7731875285435
8.819677406047102,8.687740463752837,0.032984235573566334,8.462796706361207,0.6181355040966996,2901.7731875285435
7.334045692255216,6.499197312606765,0.20871209491211284,6.963006908433945,0.6426580251570074,2901.7731875285435
6.0140615919346345,4.308889843941906,0.42629293699818205,5.6458846807163265,0.6377011164038857,2901.7731875285435
6.858586870574813,5.4839532327960425,0.3436584094446926,6.474796911194621,0.6647437090812891,2901.7731875285435
8.407300524412978,8.440213486553828,0.024684721605637616,8.079550978231312,0.5676788661442886,2901.7731875285435
7.602671519594269,8.171946828056623,0.4269564813467652,7.245522937070481,0.6185994907824071,2901.7731875285435
8.145013508378467,8.149413791811076,0.0033002125744570066,7.800545194569348,0.5966366211149734,2901.7731875285435
6.3869195413911894,7.937581368718875,1.162996370495764,6.044812507948015,0.5925467635502446,2901.7731875285435
8.365477798705886,5.928014439365256,0.6093658398351574,7.994419416423789,0.642691970686905,2901.7731875285435
7.886216191255518,8.390539531843098,0.37824250544068483,7.515011313909493,0.6429457075806884,2901.7731875285435
6.3743331542774575,4.590091334684224,0.4460604548983085,6.027562417115158,0.6006245353432151,2901.7731875285435
7.403914657868504,5.166840559658373,0.5592685245525328,7.054162110432932,0.6057891822350553,2901.7731875285435
8.3731236844804,8.871063347655648,0.37345474738143647,7.9916335184527405,0.6607603501477926,2901.7731875285435
7.798732682457404,8.095240427882993,0.22238080906919233,7.452845514140474,0.5990941492110493,2901.7731875285435
7.831112331018326,8.12657906466828,0.2216000502374651,7.487086850557053,0.5958696112572185,2901.7731875285435
7.847003412121109,8.462251152658343,0.4614358054029257,7.503418555476798,0.5951064284192163,2901.7731875285435
8.102926909795528,8.410882895815345,0.2309669895148625,7.7410121994736585,0.6268546662840493,2901.7731875285435
7.080992665746276,7.6741724684615695,0.4448848520364701,6.71327296107174,0.6369092114405189,2901.7731875285435
6.923836427198703,7.645500071037503,0.5412477328791003,6.569764697370715,0.6132702255858761,2901.7731875285435
6.0937977113009545,6.173040618503425,0.05943218040185272,5.742529205332114,0.6084148994368428,2901.7731875285435
9.431513561691895,9.721030399595175,0.21713762842745998,9.044969396759932,0.6695141330314457,2901.7731875285435
7.008411329520796,5.839748779750392,0.29216563744260093,6.624677913439876,0.6646457732141222,2901.7731875285435
7.777278184597906,7.2843729573217795,0.12322630681903157,7.419614097004125,0.6194923717551939,2901.7731875285435
10.05449550475199,8.945791098950856,0.2771761014502836,9.680365239721088,0.6480126276827334,2901.7731875285435
5.994044978998784,5.6033270271063325,0.09767948797311288,5.629163639582653,0.6319930186025243,2901.7731875285435
7.154480700669886,6.400874371565077,0.18840158227620218,6.815266064161708,0.587536985103173,2901.7731875285435
7.598352492600272,5.690479007565801,0.4769683712586177,7.257699397073663,0.5900284692076997,2901.7731875285435
6.034128993284887,6.30788064749676,0.20531374065890473,5.681247471822204,0.6112087242255744,2901.7731875285435
9.375541236186548,8.875554584894628,0.12499666282297994,9.030171038151067,0.598198730417577,2901.7731875285435
5.969297519123466,7.193448571736126,0.918113289459495,5.5921934947287735,0.6531633299903007,2901.7731875285435
5.628288361388552,6.217086792956449,0.4415988236759225,5.295771703813263,0.5759357452833838,2901.7731875285435
8.278973360077607,7.384242794827298,0.22368264131257742,7.921592855205794,0.6190011920725985,2901.7731875285435
7.5310811160567095,6.110395031997248,0.3551715210148654,7.18824977797681,0.5938012959812096,2901.7731875285435
6.439582510564294,6.0841626608621455,0.08885496242553703,6.056403099251625,0.6636862088078741,2901.7731875285435
8.120126922044717,6.147444838601978,0.4931705208606847,7.723022081862828,0.6878057591265495,2901.7731875285435
7.71701407017511,6.0353403232521945,0.4204184367307289,7.353191914925452,0.6301584578116196,2901.7731875285435
8.305332607289877,6.536414810492117,0.4422294491994401,7.950923991470769,0.6138537292388553,2901.7731875285435
7.265215877199587,8.06773154313069,0.6018867494483278,6.894537074860797,0.6420345189395653,2901.7731875285435
7.1712020339989095,7.54781065029362,0.2824564622210328,6.8243461158794245,0.6007720730888979,2901.7731875285435
6.0856988029060854,6.013662151380771,0.01800916288132859,5.705882909133407,0.6578604255364632,2901.7731875285435
7.634766530270909,8.315494658434861,0.5105460961229644,7.28895941276731,0.5989554971351742,2901.7731875285435
6.565794026518045,7.562307936128313,0.7473854322077012,6.217430601729977,0.6033831512316327,2901.7731875285435
7.138952526190019,8.011148627624348,0.6541470760757462,6.7800769564866155,0.6215907203215213,2901.7731875285435
6.065298492159588,6.235985453680975,0.12801522114104014,5.7241634376708435,0.5908632466172838,2901.7731875285435
6.7873425844757955,7.381457963410436,0.4455865342009804,6.419788602157201,0.6366221719000789,2901.7731875285435
5.722767974534391,3.8883786738561152,0.45859732516956897,5.386187052938285,0.582975257062812,2901.7731875285435
7.534117076697941,6.204093694794779,0.3325058454757903,7.209591077902745,0.5620955182903149,2901.7731875285435
7.442329515073338,7.063213880312212,0.0947789086902815,7.068382421875073,0.6476953647620874,2901.7731875285435
7.564036138817479,7.587859981760568,0.01786788220731661,7.190272607671368,0.647377425961417,2901.7731875285435
7.797876260140018,8.234704330139383,0.3276210524995242,7.454744740915542,0.5943212249750882,2901.7731875285435
6.425553080969328,5.556933773300846,0.2171548269171204,6.090926369632584,0.5795904656049253,2901.7731875285435
8.349503323875219,7.998897542157826,0.08765144542934822,8.009961157955109,0.5881042826856112,2901.7731875285435
7.2772591236076245,6.652596331040129,0.15616569814187398,6.936971151651827,0.5893960566320154,2901.7731875285435
7.936524557253886,8.79121551689438,0.6410182197303711,7.5561219270282045,0.6588766828837165,2901.7731875285435
5.979714952348708,6.740831259012427,0.5708372299977891,5.6007798832806674,0.6563347923954674,2901.7731875285435
5.490574993990238,6.464727225956651,0.7306141739748093,5.153004403166702,0.584689414447409,2901.7731875285435
5.839162773594301,7.006144522646627,0.875236311789245,5.486557128714524,0.6107308919673615,2901.7731875285435
8.789822706688684,8.373480613375973,0.10408552332817766,8.458240186781847,0.5743177713803587,2901.7731875285435
8.692663151924616,7.46492840151369,0.30693368760273154,8.299444232518963,0.6810751469079238,2901.7731875285435
6.995749481401103,7.377730601621344,0.2864858401651811,6.6254083357196105,0.6414496804536124,2901.7731875285435
7.4322588276562165,8.141138102417106,0.5316594560706669,7.057337105947102,0.6493834708613853,2901.7731875285435
8.456095242574206,6.059586958527347,0.5991270710117147,8.081455411743875,0.6488952215371435,2901.7731875285435
8.911370365566759,8.667655048379794,0.06092882929674115,8.540088834132181,0.6430784763566706,2901.7731875285435
5.448878199620096,5.81126040419574,0.2717866534317328,5.099185780294753,0.6056850372931759,2901.7731875285435
7.359084708485931,7.6939179408480705,0.25112492427160427,6.992749183244632,0.6345117423353626,2901.7731875285435
7.879990471569945,6.243735148913907,0.40906383066400953,7.493190399755509,0.6699573767538939,2901.7731875285435
8.031434046379438,7.385783289453047,0.16141268923159768,7.645587713469012,0.6683054525149944,2901.7731875285435
8.320550618316474,8.191278856636595,0.032317940419969826,7.943651001495896,0.6528092856864843,2901.7731875285435
6.3317352724742495,6.584516049781146,0.18958558298017247,5.972549139167667,0.6221286322612101,2901.7731875285435
8.232326138855415,6.5473027865164655,0.4212558380847373,7.877210441662747,0.615078430102946,2901.7731875285435
6.970921113018285,6.811561036658079,0.039840019090051415,6.617061066705948,0.6129035789816433,2901.7731875285435
7.2859121833455625,8.317609291676405,0.7737728312481318,6.930997149354095,0.6147308712432574,2901.7731875285435
5.774666915344947,4.359729414846474,0.35373437512461825,5.400466970500009,0.6481333166609053,2901.7731875285435
7.165657542624928,7.458084153661232,0.21931995827722806,6.780876424099159,0.6664604470798148,2901.7731875285435
6.104736523865146,6.6080522335391905,0.37748678225553345,5.754159983471544,0.6072163799034416,2901.7731875285435
7.123856847416345,6.19872681268492,0.23128250868285627,6.753753030898192,0.6410386142845906,2901.7731875285435
9.591534352328996,8.052983667993988,0.3846376710837518,9.210112050901886,0.6606428052116052,2901.7731875285435
5.126038893682927,4.758578062548096,0.09186520778370788,4.77348727442885,0.6106373168387403,2901.7731875285435
8.307062641927073,8.265989819776845,0.01026820553755714,7.933272600071193,0.6474233438576823,2901.7731875285435
5.448703109398419,5.7374658900678845,0.21657208550209894,5.1132016040260195,0.5811056533208393,2901.7731875285435
8.488367905106154,6.220381543144897,0.5669965904903143,8.122538074764893,0.6336358530753659,2901.7731875285435
6.70698678816853,5.578600984830605,0.2820964508344812,6.359483315391575,0.6018936706563145,2901.7731875285435
7.53653623631451,8.193729057587941,0.4928946159550731,7.18050216896839,0.6166690938688792,2901.7731875285435
7.136187786789168,5.432106314224007,0.4260203681412902,6.761357141403206,0.6492257220423187,2901.7731875285435
7.45857711879937,5.365635611812625,0.5232353767466864,7.1006012095804465,0.6200324626528408,2901.7731875285435
7.391800981226076,5.663530814563103,0.43206754166574335,7.064259963021636,0.567317685092934,2901.7731875285435
7.7459090499911,5.938055761650653,0.4519633220851118,7.391866906890941,0.6132189798700471,2901.7731875285435
7.07664267838378,7.421733893927261,0.25881841165761066,6.695062802511244,0.6609157321570575,2901.7731875285435
7.8772942754166015,7.336003124751906,0.13532278766617378,7.5103648262029905,0.6355404488312391,2901.7731875285435
9.318437925049526,8.960665383047695,0.08944313550045768,8.95001170148902,0.6381329380475277,2901.7731875285435
7.330845705916088,5.209385623401651,0.5303650206286092,6.979603830122969,0.6083687746194799,2901.7731875285435
8.215169605748372,7.438903398958818,0.1940665516973885,7.888158674005264,0.5663995484095018,2901.7731875285435
8.418707862011235,7.067530956873228,0.33779422628450173,8.063744612943058,0.6148143822058076,2901.7731875285435
8.76167373980278,9.376989198828658,0.4614865942694082,8.423015882088428,0.5865726159436899,2901.7731875285435
5.787797798559502,5.885602032072876,0.07335317513503048,5.423395719093142,0.6311629160194876,2901.7731875285435
7.232542813967015,7.797032557375571,0.42336730755641705,6.869072900335644,0.6295483574322053,2901.7731875285435
10.687590630545051,10.281575040359494,0.10150389754638933,10.338285439956874,0.6050143374462547,2901.7731875285435
6.841060162870048,7.6528246057524685,0.6088233321618155,6.46678225828063,0.6482683468992878,2901.7731875285435
6.711793257933444,7.088021819204223,0.28217142095308456,6.369000114822299,0.5937351403547325,2901.7731875285435
7.3006257610585115,7.466076066878096,0.12408772936468848,6.930998783505641,0.6402127049696926,2901.7731875285435
6.835808319686606,6.132906522927507,0.17572544918977484,6.499196851742033,0.5830281648903433,2901.7731875285435
6.616073154575524,5.816438634722408,0.19990862996327907,6.247288346594808,0.6387540244821331,2901.7731875285435
7.64230954930793,6.6050804638860106,0.2593072713554798,7.2771678493156005,0.6324439763487868,2901.7731875285435
8.479082949772838,8.241905006353477,0.05929448585484032,8.135443668049211,0.5952006954217982,2901.7731875285435
7.748610260668915,8.8995589958473,0.863211551383789,7.374915103534755,0.6472589986988018,2901.7731875285435
8.104319200868034,7.448043163797352,0.16406900926767043,7.749283252069727,0.6149403018320887,2901.7731875285435
7.062860029365657,6.986592440782719,0.019066897145734618,6.685517295680788,0.6535767866091243,2901.7731875285435
7.449598511848892,6.15194171551615,0.3244141990831855,7.081784912596206,0.637071841620431,2901.7731875285435
6.218178234142719,6.246022329824014,0.02088307176097115,5.847068440914825,0.6427810170570938,2901.7731875285435
6.579171570856922,6.913038632415688,0.25040029616907433,6.2425919410302475,0.5829730196525256,2901.7731875285435
7.116679237551742,7.392639293010793,0.20697004159428833,6.730856993088777,0.6682637301001156,2901.7731875285435
7.149053389408951,5.1730635300877275,0.4939974648303058,6.8067107347854305,0.5929548714059413,2901.7731875285435
9.203514805934557,7.039949698815541,0.540891276779754,8.86197039811827,0.5915722673788327,2901.7731875285435
10.510870963652245,10.411610952904988,0.024815002686814136,10.14323791905536,0.6367591117830373,2901.7731875285435
7.6495007953505025,8.618496813307257,0.7267470134675655,7.290285340351282,0.6221794189226216,2901.7731875285435
9.284402765350428,8.986482108304811,0.07448016426140436,8.909506039141341,0.6493401773853771,2901.7731875285435
7.829450876401045,8.507945682501092,0.5088711045750351,7.473389094707756,0.6167170965262728,2901.7731875285435
6.943597381589976,5.742561588456625,0.30025894828333777,6.581003833992259,0.6280304469358903,2901.7731875285435
7.5128702577518895,6.867042179384974,0.16145701959172887,7.127653834343815,0.6672144172527504,2901.7731875285435
6.490390704757503,4.324319292803743,0.5415178529884399,6.107327357798786,0.6634851794498828,2901.7731875285435
5.6578787228944005,5.219231282893521,0.10966186000021994,5.275631210235895,0.6620721129913585,2901.7731875285435
9.25444133203003,9.348065302386397,0.07021797776727512,8.877794898055965,0.6523707601327182,2901.7731875285435
8.505746486162678,7.827924699499617,0.1694554466657654,8.148765457497028,0.618309278987108,2901.7731875285435
10.433096345181013,10.527202725395677,0.0705797851609975,10.078944661546931,0.613408709640291,2901.7731875285435
9.065533046648271,10.302872461207102,0.9280045609191228,8.681237179178787,0.6656199675959035,2901.7731875285435
7.258640522988615,5.313626204624656,0.4862535795909897,6.909466348417195,0.6047874110486237,2901.7731875285435
7.133889577814176,6.211998132519069,0.23047286132377676,6.771405238446871,0.6278412927322116,2901.7731875285435
7.462430194316716,8.458832139475359,0.7473014588689819,7.128634434101295,0.5781512160441873,2901.7731875285435
9.01762391823369,9.861343850328986,0.6327899490714715,8.643318973565453,0.6483151816896442,2901.7731875285435
7.511566121346399,7.393102632933831,0.02961587210314187,7.132705487283282,0.656205867185079,2901.7731875285435
7.3310947469299546,7.115203745326203,0.05397275040093796,6.99035138232964,0.5901848198297108,2901.7731875285435
6.959724782784733,6.501069195724143,0.11466389676514743,6.614729282505307,0.5975497348666078,2901.7731875285435
6.046527927766479,7.060262555212365,0.7603009705844144,5.677911611085307,0.6384621889906895,2901.7731875285435
6.993201646992879,5.188849121018521,0.4510881314935895,6.652283565720497,0.5904874379826612,2901.7731875285435
7.320838781039116,7.7159973641199056,0.296368937310592,6.952935500889501,0.6372271734903803,2901.7731875285435
8.197796702359428,7.036670782895041,0.29028147986609665,7.8152549376551415,0.6625817724848838,2901.7731875285435
7.413409549355367,6.590467037633658,0.2057356279304272,7.059842033849397,0.6123969007622374,2901.7731875285435
6.493188703060343,7.233781720553873,0.5554447631201473,6.13059964279565,0.6280226746471033,2901.7731875285435
4.879407360342827,4.835459065922651,0.01098707360504414,4.53872272267167,0.5900831018046385,2901.7731875285435
7.058325696633398,7.799659445131681,0.5560003113737122,6.686704224448727,0.6436672710073941,2901.7731875285435
5.419479741384167,5.112008020541862,0.07686793021057636,5.079989379975275,0.588014554640123,2901.7731875285435
7.394864813190334,8.017106890293244,0.46668155782718235,7.063148710028039,0.5745491443658544,2901.7731875285435
8.239136310760985,7.390063845294505,0.21226811636662002,7.882955094265699,0.6169239636715241,2901.7731875285435
7.232945155370188,7.378951370482908,0.10950466133454029,6.854924771318654,0.6547505114739562,2901.7731875285435
9.75552930247371,10.95943362390905,0.9029282410765052,9.381512095254552,0.6478168058085993,2901.7731875285435
6.816291748788233,5.644786215382844,0.29287638335134725,6.461981117374757,0.61368401526995,2901.7731875285435
8.61826402307384,6.837090633652931,0.4452933473552272,8.23680420103598,0.6607077928157543,2901.7731875285435
7.623016499164606,8.016222851458311,0.29490476422027845,7.239040984337508,0.6650651005429515,2901.7731875285435
8.350518381182258,9.145999880503505,0.5966111244909347,7.97017571104331,0.65877282896707,2901.7731875285435
8.339726898887426,6.744270081919969,0.3988642042418642,7.996487594085341,0.5945079150718309,2901.7731875285435
7.435670113775242,7.914630806761319,0.35922051973955793,7.071718313990815,0.6303830087327624,2901.7731875285435
8.029945694728784,7.2647124423784994,0.19130831308757124,7.667662516091909,0.6274928721266215,2901.7731875285435
5.048243640259434,4.312662512710364,0.18389528188726745,4.696535306383945,0.6091767037177457,2901.7731875285435
8.063900202172558,7.072407241699171,0.24787324011834677,7.703262036940969,0.6246436253295312,2901.7731875285435
7.313845136380862,7.650847234823725,0.2527515738321471,6.956937573831587,0.6181820319409118,2901.7731875285435
5.527520520356697,5.3258171590002075,0.05042584033912245,5.175401520668708,0.6098879977699271,2901.7731875285435
9.287599340247167,9.10525469766133,0.04558616064645937,8.926620834344792,0.6252331126632148,2901.7731875285435
8.42319405345804,8.925413719547375,0.37666474956700124,8.0329451146164,0.6759309896735597,2901.7731875285435
8.562256399514338,9.336080497103303,0.5803680731917242,8.208222447198306,0.6132047930157831,2901.7731875285435
7.6254095762391465,5.226135219409438,0.599818589207427,7.227426680641894,0.6893265957178204,2901.7731875285435
7.173766051208908,7.455397289454083,0.21122342868388166,6.828176978017531,0.5985778333081048,2901.7731875285435
8.17443066320805,6.714044537671634,0.3650965313841039,7.824018588939305,0.6069315162190653,2901.7731875285435
6.0773497682998485,4.446576267702258,0.40769337514939763,5.721288365448062,0.6167164403535437,2901.7731875285435
8.050657195750405,8.515379321593404,0.34854159438224874,7.69770803061539,0.6113258865028648,2901.7731875285435
8.261564555610317,6.79139104788736,0.36754337693073924,7.908489657176714,0.6115436629642204,2901.7731875285435
6.892030617196555,6.90302138741815,0.00824307766619592,6.5472000576563865,0.5972640491259773,2901.7731875285435
5.871113828558931,3.7144480486546247,0.5391664449760766,5.542306077399289,0.5695117309309657,2901.7731875285435
6.69794056995123,4.442908029353394,0.5637581351494592,6.36047176780065,0.584513111294214,2901.7731875285435
8.171894439919212,9.032669403617824,0.6455812227739588,7.7972616893348015,0.648882958191477,2901.7731875285435
8.70811324107543,8.500940533074523,0.0517931770002269,8.342469854965962,0.633312922193122,2901.7731875285435
8.652744665578549,6.577369830124855,0.5188437088634235,8.304815570996395,0.6026308692477274,2901.7731875285435
5.668410665332572,6.028619195799685,0.27015639785033474,5.322301900343208,0.5994779659064935,2901.7731875285435
6.757606458863238,7.677416902605178,0.6898578328064551,6.403129545027262,0.6139720248741253,2901.7731875285435
6.2951529661001695,7.196441807163267,0.6759666307973231,5.914738365360648,0.6588974164218795,2901.7731875285435
9.161673792790237,10.406075250082976,0.933301092969554,8.78936996150291,0.6448491516422019,2901.7731875285435
5.553859066480398,5.524833368626226,0.007256424463543132,5.172954754434904,0.6597456212848661,2901.7731875285435
6.1291150208596985,6.933777103867995,0.6034965622562225,5.774595449295545,0.6140459102266633,2901.7731875285435
7.8449421570505296,8.557143938457243,0.5341513360550347,7.489460136474014,0.6157129208157706,2901.7731875285435
8.398663797336459,7.288097163952097,0.27764165834609056,8.063224069818405,0.5809986509383296,2901.7731875285435
7.7773320225981255,7.929299360149811,0.11397550316376392,7.426294390804744,0.6080150136347937,2901.7731875285435
7.323793591469471,7.67986613424937,0.26705440708492456,6.966125087500252,0.6195000211418378,2901.7731875285435
6.767623019789069,5.2806417051265475,0.3717453286656305,6.419940521503957,0.6022037519322935,2901.7731875285435
8.83081348631607,8.280287980787314,0.1376313763821888,8.453307497071442,0.6538595535332443,2901.7731875285435
7.912596167385297,5.800881026779977,0.5279287851513301,7.574781107922635,0.585112846551232,2901.7731875285435
6.734426202277791,7.208689498791255,0.3556974723850981,6.382499589731012,0.6095547734666287,2901.7731875285435
9.157180039757812,8.117872492893003,0.25982688671620213,8.782771830301154,0.6484940415498213,2901.7731875285435
7.7712205679535185,7.448450756279529,0.08069245291849736,7.413493823214221,0.6196008971146857,2901.7731875285435
9.674700909954227,8.74146881582937,0.23330802353121438,9.288498748527594,0.6689217655838449,2901.7731875285435
6.574817978851879,7.437865936214315,0.6472859680218273,6.21103811357483,0.6300852094304112,2901.7731875285435
6.237839980065214,6.336144388472442,0.07372830630542082,5.894285974867589,0.5950529921460689,2901.7731875285435
7.964048000337332,5.79832362871764,0.5414310929049231,7.617199258714374,0.600759643032293,2901.7731875285435
9.330942551534239,9.390308807494996,0.044524691970567964,8.962785124044368,0.6376673695963124,2901.7731875285435
6.861516046549636,5.924114065272544,0.234350495319273,6.501673124713346,0.6232662233644907,2901.7731875285435
9.92350799502546,10.513181972991244,0.4422554834743382,9.570018081722411,0.612262489803998,2901.7731875285435
7.749207808663015,5.79486287890072,0.48858623244057364,7.3822524917622605,0.6355852529796457,2901.7731875285435
6.708482617893851,4.984127446013791,0.4310887929700149,6.3537611994369385,0.6143955193002733,2901.7731875285435
6.001798119927657,4.210531343535499,0.4478166940980395,5.673904827851606,0.5679278413367422,2901.7731875285435
9.286741134795356,9.96672554037106,0.5099883041817779,8.936505093750268,0.60662661773187,2901.7731875285435
8.926474053111818,9.06776451915528,0.10596784953259597,8.587241911303936,0.5875673051716609,2901.7731875285435
7.991136547900535,7.9559279430996686,0.008802151200216546,7.62891517893439,0.6273858146365155,2901.7731875285435
8.584613044953844,9.066160909319455,0.3611608982742083,8.246968243322797,0.5848179513364867,2901.7731875285435
5.659175796347223,4.301041305996067,0.33953362258778896,5.306197477291985,0.6113763825739309,2901.7731875285435
7.822670045966769,8.04129529602368,0.1639689375426836,7.476587345452834,0.599432820910779,2901.7731875285435
6.631922665975851,5.344843310810852,0.32176983879124976,6.249987654410075,0.6615308452213291,2901.7731875285435
8.721315973676488,9.065432077437665,0.2580870778208828,8.345266998250208,0.6513359315725359,2901.7731875285435
8.620479727949414,9.44918883889918,0.621531833212325,8.247417491928353,0.6461627471737313,2901.7731875285435
9.226138489160606,10.67132691882658,1.0838913222494804,8.873211633868113,0.6112872447221054,2901.7731875285435
9.110705034180661,8.864942315738816,0.0614406796104614,8.737509424877956,0.6463937564739094,2901.7731875285435
5.9389036793511085,6.431524790597573,0.3694658334348482,5.58073528189739,0.620365862055364,2901.7731875285435
7.880636568849794,6.161142499088935,0.4298735174402146,7.524209194465023,0.617350321642797,2901.7731875285435
7.744676520994751,8.287674082541965,0.407248171160411,7.355390420004547,0.6742633055954219,2901.7731875285435
6.112733734003658,4.715680207593553,0.34926338160252635,5.779186418008352,0.5777208980321026,2901.7731875285435
5.833601818955562,5.705527751273371,0.0320185169205478,5.49099457375108,0.5934131557353706,2901.7731875285435
9.187146805349657,7.768372408829823,0.3546935991299587,8.829252653885314,0.6198908540679934,2901.7731875285435
7.015215493320447,5.089696525298169,0.48137974200556943,6.652767063136192,0.6277790962027113,2901.7731875285435
6.654332755430358,7.555329662560742,0.6757476803477875,6.319849842409718,0.579341399615391,2901.7731875285435
6.956577689221188,7.4229906010079825,0.3498096838400959,6.60437863745253,0.6100266520408966,2901.7731875285435
6.056581550920227,5.085960911460379,0.242655159864962,5.692319502268084,0.630920375534638,2901.7731875285435
7.252738459846941,7.332743895859368,0.0600040770093202,6.907507085431959,0.597958280853582,2901.7731875285435
7.556580019588547,7.050857159296126,0.12643071507310522,7.210943379789413,0.5986602210894838,2901.7731875285435
7.869330977209442,8.261064392088883,0.293800061159581,7.520796699334641,0.6036790774584847,2901.7731875285435
8.305976324877735,6.860792324295625,0.36129600014552743,7.931510787908774,0.6485933357138011,2901.7731875285435
7.720604667869638,6.892638535987433,0.20699153297055117,7.337376048371812,0.663771439884714,2901.7731875285435
5.266505037331429,4.358242085742527,0.22706573789722562,4.909010439609088,0.6191988066864916,2901.7731875285435
8.642662999351176,8.696039080149982,0.04003206059910447,8.26552127605088,0.6532286264101956,2901.7731875285435
7.424705698472171,5.669069245878227,0.43890911314848613,7.058854630531087,0.6336726376772911,2901.7731875285435
6.980424482367215,7.977337435711361,0.7476847150081094,6.6331303657550365,0.6015310551420429,2901.7731875285435
7.707211387747007,8.422273793006616,0.5362968039447065,7.357012079020434,0.6065629954899242,2901.7731875285435
7.979423464732283,6.667396425633192,0.32800675977477267,7.602856294938505,0.65223347054524,2901.7731875285435
4.62816115098597,3.530433131425789,0.27443200489004527,4.297819888934923,0.5721678497088379,2901.7731875285435
6.292148742670886,5.524655552477288,0.19187329754839944,5.939198692003398,0.6113274202900985,2901.7731875285435
6.910773729286659,7.674082802104515,0.5724818046133915,6.563275800283076,0.6018840685591687,2901.7731875285435
7.80760132012798,8.16400015478053,0.26729912598941197,7.461745495109152,0.5990398610262613,2901.7731875285435
4.796612847223745,4.65351629657756,0.03577413766154636,4.4562989634215215,0.589440937266542,2901.7731875285435
7.258903989391043,7.905441849931408,0.4849033954052735,6.912094563305017,0.6006915465248005,2901.7731875285435
6.548569562033911,6.142859449810048,0.10142752805596555,6.221579003429701,0.5663642610978195,2901.7731875285435
6.40035174610168,4.714632273265703,0.4214298682089941,6.069036258798003,0.5738552573444098,2901.7731875285435
9.444374665639357,8.233156404500313,0.30280456528476085,9.075877203495935,0.6382563268925946,2901.7731875285435
9.324660656816603,8.934165126028079,0.09762388269713096,8.968204488877397,0.617400193542007,2901.7731875285435
5.646265811100179,4.690256254207781,0.23900238922309947,5.300924089053127,0.5981494085588235,2901.7731875285435
7.61229251645051,7.4182347283088355,0.04851444703541863,7.254939602960336,0.6189534023977468,2901.7731875285435
7.360092747629019,6.791850367561257,0.14206059501694046,6.985289116453943,0.6491789320565375,2901.7731875285435
5.189668759752274,4.5759659275049085,0.1534257080618413,4.8424599776514405,0.6013832514327546,2901.7731875285435
9.199749491851856,9.417751567836929,0.16350155698880453,8.82696485101053,0.6456819382184912,2901.7731875285435
7.8096591953069625,8.026490831706168,0.162623727299404,7.440032687214657,0.6402118918401412,2901.7731875285435
7.567544010400553,6.126230684093294,0.3603283315768149,7.217684669751103,0.6059741535073957,2901.7731875285435
5.56354397947177,5.550445858996145,0.003274530118906105,5.211246105833475,0.6101978165400059,2901.7731875285435
7.067378366213421,6.320599972468791,0.18669459843615743,6.687648039984238,0.6577122182036486,2901.7731875285435
8.140142822081941,6.077484912591013,0.5156644773727321,7.777785795721101,0.6276207801365492,2901.7731875285435
7.376386984390154,8.022327088376981,0.48445507799012,7.0210458510061144,0.615468897040266,2901.7731875285435
7.044946743043906,7.396386937149298,0.2635801455790443,6.690985122173027,0.6130795112777948,2901.7731875285435
9.21582735169955,9.943550078916164,0.5457920454124605,8.837014067940654,0.6561238540524137,2901.7731875285435
7.596228556004725,8.352158746275354,0.5669476427029716,7.214981193857776,0.6603398014901267,2901.7731875285435
8.805840798168203,9.456938970518694,0.4883236292628679,8.448692136192264,0.6185996283975691,2901.7731875285435
6.623671215327581,4.550892561781645,0.518194663386484,6.253677878379674,0.6408472580557275,2901.7731875285435
7.6574573086272855,7.206308707045626,0.11278715039541476,7.29743224962797,0.6235816941847963,2901.7731875285435
8.562497331907437,8.529053373512696,0.008360989598685364,8.222370836562398,0.5891163709379488,2901.7731875285435
8.108953986608693,8.842026077283126,0.5498040680058249,7.742160282267786,0.635305331814847,2901.7731875285435
7.018270849154391,7.092687110759572,0.055812196203886,6.634543597317336,0.6646350964305563,2901.7731875285435
8.048993533398486,7.437223901110229,0.15294240807206427,7.662547380727928,0.6693443708149233,2901.7731875285435
6.981624366014555,5.949395929920177,0.25805710902359436,6.6203126939058565,0.6258101734599323,2901.7731875285435
7.709701519844676,5.854290615822437,0.4638527260055596,7.356137322654696,0.6123911532703461,2901.7731875285435
7.843762326520369,8.308022745582958,0.34819531429694206,7.4712882042249475,0.6451441043202937,2901.7731875285435
8.353387200641697,9.62275237590512,0.9520238814475679,7.985125967436312,0.6378471663696975,2901.7731875285435
7.97952978706868,7.610505377921029,0.09225610228691261,7.628421118349657,0.6081380531992184,2901.7731875285435
8.617921617388944,10.180912741923816,1.1722433434011537,8.252329409397431,0.6332242790925893,2901.7731875285435
7.116658965908141,6.079515810210435,0.25928578892442644,6.777391214607486,0.5876289826223764,2901.7731875285435
8.612368253588398,8.507351562349195,0.026254172809800913,8.266497468929416,0.5990657718830716,2901.7731875285435
6.292641425872806,6.147337019735288,0.03632610153437943,5.955257283317987,0.5843664765730067,2901.7731875285435
7.3796385621646845,7.785271816654418,0.3042249408672999,7.004235814509169,0.6502166322403113,2901.7731875285435
8.759659849579496,9.23155428060225,0.35392082326706564,8.38406489879065,0.6505495378326145,2901.7731875285435
7.416110520444048,5.098704661505457,0.5793514647346476,7.056459421931412,0.6229339756218447,2901.7731875285435
7.32946807622614,6.142643350144815,0.29670618152033135,6.953432202070378,0.6513132395063578,2901.7731875285435
7.934234720710332,8.822442439227503,0.666155788887878,7.541968354163997,0.6794252769586894,2901.7731875285435
6.298870996946475,6.682223066070074,0.28751405184269974,5.912687123527126,0.6688900898260599,2901.7731875285435
6.268140620212671,6.586738651849191,0.23894852372738984,5.912317860461984,0.6163030983775646,2901.7731875285435
7.427604359439637,5.829289027037147,0.3995788331006225,7.0636243326343875,0.6304318993669734,2901.7731875285435
7.523241265909704,7.473080181802595,0.012540271026777239,7.182623110412397,0.5899679513017315,2901.7731875285435
7.715819933297997,5.770856388104177,0.4862408862984551,7.365497786620384,0.6067757570622216,2901.7731875285435
7.229249833316232,7.6687899296587,0.32965507225685053,6.849306751588713,0.6580807215363571,2901.7731875285435
7.330723519394974,6.910628433867123,0.10502377138196284,7.009662185239666,0.556094543102842,2901.7731875285435
8.712870379345137,9.58310799858074,0.652678214426702,8.350919677201519,0.626917005947976,2901.7731875285435
6.900272355591484,7.176302736471728,0.2070227856601825,6.562476837729333,0.5850789995062861,2901.7731875285435
9.219662310707639,9.71155729253107,0.3689212363675738,8.85347812030973,0.634249622697655,2901.7731875285435
6.5064611324398545,6.330271851267983,0.04404732029296787,6.142096005750009,0.6310989119330837,2901.7731875285435
7.71177210116385,8.128947398067018,0.3128814726773761,7.377343085363496,0.579248046891468,2901.7731875285435
7.370518902896349,7.635075782107299,0.19841765940821254,7.027363534878176,0.5943625322974726,2901.7731875285435
7.7227940446992385,5.408557427275372,0.5785591543559667,7.36351382038996,0.6222916026584144,2901.7731875285435
9.058669151962182,8.928362115560557,0.03257675910040625,8.697215182517304,0.6260566396759764,2901.7731875285435
6.748042328156955,5.973323364209854,0.1936797409867752,6.375828293135811,0.6446936199468427,2901.7731875285435
7.4776304849352195,8.449070614864798,0.7285800974471839,7.127454887054487,0.6065219271002367,2901.7731875285435
6.5149300474832454,4.666694553205886,0.46205887356933983,6.131746915249121,0.6636926536328871,2901.7731875285435
7.891694466891628,8.540669479536891,0.4867312594839477,7.5391256611954525,0.6106670846296549,2901.7731875285435
7.2324283583028,7.735858399145624,0.3775725306321174,6.86829528711346,0.6306969800160325,2901.7731875285435
8.406873492432423,6.818383035176985,0.39712261431385953,8.04025308319584,0.6350051758894558,2901.7731875285435
8.989564595310938,10.083868713879053,0.820728088926086,8.624605662453243,0.6321274143856448,2901.7731875285435
5.834281824180124,5.516967050179241,0.07932869350022065,5.472695878786647,0.6262852287243279,2901.7731875285435
6.047470659706933,6.952307485663166,0.6786276194671745,5.70754832986717,0.5887627459096563,2901.7731875285435
5.966145881823723,3.8016425771194458,0.5411258261760694,5.6003932137560195,0.6335022040971379,2901.7731875285435
8.628609988569245,7.003237528231412,0.4063431150844583,8.253385073065822,0.6499086179176699,2901.7731875285435
5.015828372696816,5.039086791094362,0.017443813798159624,4.668247509249133,0.6020277152300475,2901.7731875285435
6.918747399872798,7.44048514797852,0.3913033110792916,6.537493570219762,0.6603510035392681,2901.7731875285435
7.69025110272581,5.742167356235702,0.4870209366225271,7.332134607595109,0.6202759645948669,2901.7731875285435
8.955545426896984,7.734719840649354,0.3052063965619076,8.584525875105623,0.6426247143040695,2901.7731875285435
8.54637211622634,8.26819817995613,0.06954348406755262,8.20985287174432,0.5828684291675501,2901.7731875285435
5.61527430502017,6.10369172723453,0.3663130666607697,5.246156884130254,0.6393301269401206,2901.7731875285435
6.801347574477997,6.843664410286878,0.03173762685666026,6.430969322980953,0.6415139496114043,2901.7731875285435
6.431676800040595,6.546418829360853,0.08605652199019342,6.069893863890975,0.6266264267225882,2901.7731875285435
7.335250919381314,7.4543252520222705,0.08930574948071768,6.979155879396728,0.6167747015765725,2901.7731875285435
5.537761375713178,6.051063389769856,0.3849765105425085,5.197398632074384,0.5895255649859311,2901.7731875285435
9.365167541751138,9.053514605775272,0.07791323399396655,8.99513615230203,0.6409131669211617,2901.7731875285435
7.145288906471593,7.958069785071786,0.6095856589501452,6.7851099053837896,0.6238483297034815,2901.7731875285435
8.531811684772658,9.728392644792558,0.8974357200149257,8.17785149616687,0.6130770305218866,2901.7731875285435
7.643049520154592,7.620340077725321,0.005677360607317716,7.306449476427058,0.583008377565994,2901.7731875285435
8.176439758999118,6.871695118648825,0.3261861600875733,7.7977422744681375,0.6559232839061861,2901.7731875285435
7.271111805667471,7.427985242808491,0.11765507785576523,6.916574777491066,0.6140761459660122,2901.7731875285435
7.080749413147547,5.419223427511981,0.41538149640889155,6.7317253202593115,0.6045274619480636,2901.7731875285435
7.5920320565652135,7.801996266742609,0.1574731576330468,7.211708576569874,0.6587395906633325,2901.7731875285435
6.853354425408924,4.57207530289614,0.5703197806281959,6.519793902733977,0.5777437726722382,2901.7731875285435
7.647122775187124,6.744199202077685,0.22573089327735962,7.269383413475005,0.6542637665040275,2901.7731875285435
6.890978495311327,7.569170110394053,0.5086437113120446,6.54989461669682,0.5907746074029813,2901.7731875285435
7.489257003803235,7.0396543659907165,0.11240065945312971,7.125284804658305,0.630418341461596,2901.7731875285435
8.15252114756455,6.851198326050031,0.3253307053786296,7.812396454511666,0.5891132492763637,2901.7731875285435
7.018411533907343,6.449419343566943,0.1422480475851,6.642981520730649,0.6502638575082879,2901.7731875285435
5.8412705190074385,6.434961095165737,0.44526793211872384,5.497027597457791,0.5962462302699367,2901.7731875285435
5.884408849436655,5.278154289403263,0.151563640008348,5.554927711576179,0.5706780709099504,2901.7731875285435
7.185089033136957,7.011380043795186,0.043427247335442676,6.819569048051573,0.6330991853497038,2901.7731875285435
7.184434615239693,5.1362734013038045,0.5120403034839722,6.8366096415331015,0.6024505266011256,2901.7731875285435
8.130704972047184,8.503419808668353,0.27953612746587675,7.788348915011274,0.5929780850651458,2901.7731875285435
8.984579154908928,9.60232273430707,0.4633076845486057,8.603453158991726,0.6601295890138835,2901.7731875285435
6.130311448381642,6.246351472243335,0.08703001789626974,5.782876920252953,0.6017742550226083,2901.7731875285435
7.212443390911142,5.092427160980163,0.5300040574827447,6.857371599232488,0.6150023835219404,2901.7731875285435
7.8461140798077516,8.753204206959072,0.6803175953634906,7.502807279958057,0.5946248199235503,2901.7731875285435
8.900316805052347,8.083254372635016,0.20426560810433259,8.532200424265689,0.6375962746208641,2901.7731875285435
6.925833092413082,7.888217036893092,0.7217879583600073,6.564095431952024,0.6265480069296521,2901.7731875285435
6.780764973521696,6.955679501019598,0.13118589562342686,6.406638974222469,0.6480052392187385,2901.7731875285435
6.384768902168412,6.302972147596466,0.020449188642986504,6.013299534146288,0.6434038188698202,2901.7731875285435
7.001289240366621,7.552371769994373,0.4133118972208143,6.611711704446091,0.674768085701846,2901.7731875285435
6.815895298146123,6.212070787042592,0.15095612777588285,6.4536172181446165,0.627484041031112,2901.7731875285435
10.02344178990117,8.24966384494013,0.44344448624026,9.644583070378083,0.6562025511044745,2901.7731875285435
8.751503197688175,8.46338339542152,0.07202995056666373,8.370888137493974,0.6592446223822409,2901.7731875285435
6.511601162102159,6.043483026332009,0.11702953394253757,6.144843650633539,0.6352426439211746,2901.7731875285435
7.184862112597355,7.368610161445533,0.13781103663613314,6.852462928126552,0.5757322758978911,2901.7731875285435
9.164425830301813,9.772818200351429,0.4562942775372121,8.812262337703366,0.6099650617514147,2901.7731875285435
8.460108510691947,7.617390959659518,0.21067938775810724,8.111544132407278,0.6037312128977053,2901.7731875285435
6.310393953619744,5.585754496328198,0.18115986432288667,5.943617890941431,0.635274775558906,2901.7731875285435
6.518239074257844,7.369793609227111,0.6386659012269504,6.153575870012169,0.6316151974043748,2901.7731875285435
7.4933704581410385,5.757318101889718,0.4340130890628302,7.108225173156631,0.6670912018885878,2901.7731875285435
8.621135218550187,9.3062384811214,0.5138274469284094,8.237680071502295,0.6641637971107427,2901.7731875285435
5.920021427110347,4.502797426154258,0.35430600023902237,5.588240521112463,0.5746613861695695,2901.7731875285435
8.36845913163028,8.782195193045306,0.31030204606126954,8.011070856842771,0.6190146499613507,2901.7731875285435
5.468411069416703,6.142966191098136,0.5059163412610745,5.086545593073157,0.6614104066835131,2901.7731875285435
6.012086905787939,6.512105368755542,0.3750138472257021,5.646834768662611,0.6326352590741827,2901.7731875285435
8.948450574616478,8.955750955717862,0.005475285826038068,8.60045220394743,0.6027508589499779,2901.7731875285435
7.322916350003007,5.981587712935611,0.335332159266849,6.961846704819791,0.6253909705281968,2901.7731875285435
8.98304284687231,8.194570951128936,0.19711797393584352,8.645317106293525,0.5849581417062822,2901.7731875285435
7.54842339759269,7.885303732721373,0.25266025134651215,7.184700280110331,0.6299869193667902,2901.7731875285435
8.669527272779696,6.804909697090642,0.46615439392226343,8.318831137084668,0.6074235250418579,2901.7731875285435
7.978068547179143,7.393464352911471,0.14615104856691796,7.608576800739911,0.6399784778101066,2901.7731875285435
6.783138413438231,6.81596116210791,0.024617061502258952,6.426419790712631,0.6178547785667338,2901.7731875285435
6.897134970768196,6.0904913306197015,0.2016609100371236,6.554364826558925,0.5936953050881676,2901.7731875285435
6.924460732642121,7.890544273311861,0.7245626555023053,6.548805578965984,0.6506538122921642,2901.7731875285435
8.04262600507711,6.910761211896231,0.28296619829521985,7.703538662352191,0.5873165058030821,2901.7731875285435
6.918552129659085,6.385153485455684,0.13334966105085022,6.5650444570397894,0.6122932498420453,2901.7731875285435
6.976372163288777,7.222766038525853,0.184795406427807,6.600489002989036,0.651048731348708,2901.7731875285435
7.368221893592368,8.118597096509696,0.5627814021879955,7.026159930907173,0.5924686987074873,2901.7731875285435
6.801906741318868,7.755498172034266,0.7151935730365484,6.456656518834327,0.5979909266676836,2901.7731875285435
8.633259127863118,8.298920955686524,0.08358454304414842,8.251060056357797,0.6619882104528669,2901.7731875285435
7.18690854861952,7.952876405780866,0.574475892871009,6.8260073040063975,0.6250992921847728,2901.7731875285435
7.473550200983658,5.786542075443,0.42175203138516437,7.126566575855561,0.600993268116297,2901.7731875285435
5.1208544033992665,4.333885863551351,0.1967421349619789,4.742953097709332,0.6545442617015836,2901.7731875285435
7.3508780721461555,6.598524661020205,0.1880883527814876,7.005109281393807,0.5988891132547193,2901.7731875285435
5.958513933685241,5.663562274311567,0.07373791484341852,5.631529467170621,0.5663537092891265,2901.7731875285435
8.754136053064872,6.715305617543145,0.5097076088804318,8.373266300823973,0.6596857619474076,2901.7731875285435
9.565108709701578,8.326563832113795,0.30963621939694574,9.20515439022994,0.6234591697287568,2901.7731875285435
7.548130627830761,5.306678148047382,0.5603631199458448,7.191127846344383,0.6183469559778164,2901.7731875285435
8.93728207206129,8.983025732212676,0.0343077451135394,8.588887628906637,0.6034368766185259,2901.7731875285435
7.414275477087434,7.476676839374868,0.046801021715574986,7.041494824424546,0.6456750304908101,2901.7731875285435
9.199999082791946,9.20001272861264,1.0234365520389588e-05,8.857992763587326,0.5923723213720203,2901.7731875285435
7.979405737451049,5.990879818631927,0.49713147970478055,7.5905847524218455,0.6734577011195592,2901.7731875285435
7.82160352193549,7.485304874010212,0.08407466198131952,7.4473900236289055,0.6481567919450949,2901.7731875285435
7.7044709021477775,5.842492699877703,0.46549455056751854,7.344020363380835,0.6243186467599195,2901.7731875285435
9.591637883882777,7.783462760204586,0.4520437809195479,9.225911848792865,0.6334560744264454,2901.7731875285435
9.179381557595837,8.469197849140222,0.1775459271139037,8.8447689227628,0.5795660843853141,2901.7731875285435
9.01218036157901,9.293615454699273,0.2110763198401977,8.656563934500824,0.6159457197055318,2901.7731875285435
5.907632177841211,4.90181398899122,0.2514545472124976,5.516044372908217,0.6782499737683152,2901.7731875285435
6.559302059687721,4.187793225410175,0.5928772085693865,6.192925356727532,0.6345830642366193,2901.7731875285435
8.80510253937104,8.738121613048829,0.016745231580552744,8.462253170447081,0.5938325263192245,2901.7731875285435
7.7143563824521895,7.527559154592755,0.04669930696485869,7.371555186246196,0.5937490887241683,2901.7731875285435
9.17242637195457,7.788504371612821,0.34598050008543724,8.796698787909989,0.6507792653703199,2901.7731875285435
9.817745012880762,9.339011882455846,0.11968328260622885,9.423234750787195,0.6833118180533723,2901.7731875285435
7.307482367090136,8.110606945303086,0.6023434336597124,6.948690038025219,0.6214465433064091,2901.7731875285435
8.143261534485037,8.835440665844803,0.5191343485198252,7.799681296991252,0.5950984278158181,2901.7731875285435
9.266120687831439,8.145206139649758,0.2802286370454201,8.900476157307935,0.6333149043763768,2901.7731875285435
7.4732119449842624,5.101555786184833,0.5929140396998573,7.128166057719547,0.5976370076851711,2901.7731875285435
6.314913144382074,5.527959583988499,0.19673839009839367,5.974616339946039,0.5894113549365437,2901.7731875285435
8.298159966023427,8.10636691614033,0.04794826247077433,7.930331188826841,0.6370981305904194,2901.7731875285435
7.573662005016014,8.451893108203173,0.6586733273903691,7.233809914706611,0.5886410874743734,2901.7731875285435
6.171644727774261,6.619679502929067,0.33602608136610446,5.825098066119987,0.6002364251785836,2901.7731875285435
7.95777464198565,6.787804620363677,0.2924925054054932,7.5783012609639275,0.6572671760495673,2901.7731875285435
7.57601181198999,7.522678489228725,0.01333333069031628,7.218868385906179,0.6185905595663814,2901.7731875285435
7.4779519352968915,4.784055122451827,0.6734742032112662,7.149106698292295,0.56957665831899,2901.7731875285435
6.27718711644415,5.661441301884712,0.15393645363985953,5.9076286079591664,0.6400941130653652,2901.7731875285435
7.3644676263656015,8.21528842951168,0.6381156023595593,7.014123592456299,0.6068136668595457,2901.7731875285435
6.636619549222402,4.586290942525012,0.5125821516743476,6.254699686547516,0.6615046065726318,2901.7731875285435
7.173658457879431,7.328793048034576,0.11635094261635914,6.827161940860277,0.6001495721228287,2901.7731875285435
7.298257009513168,8.129666358920774,0.623557012055705,6.9497661980471985,0.6036037914299658,2901.7731875285435
6.543235367298517,5.955563840457021,0.146917881710374,6.1770579066829026,0.6342379663727954,2901.7731875285435
9.524019783079494,8.677697750109106,0.211580508242597,9.19328741205865,0.5728452703158206,2901.7731875285435
7.734574212509828,7.877767705430425,0.10739511969044768,7.3501731690924315,0.6658021376814199,2901.7731875285435
6.899797090827908,5.716355425967284,0.29586041621515613,6.523283663821088,0.6521403853076889,2901.7731875285435
6.747600780877833,6.141458838726564,0.15153548553781726,6.389235614031044,0.6207066766415362,2901.7731875285435
8.609666503129276,6.394083781026625,0.5538956805256627,8.268649487704785,0.5906587969607188,2901.7731875285435
8.473399203298115,8.362802710813812,0.027649123121075814,8.131779272803215,0.5917030764953168,2901.7731875285435
7.489532225953786,5.110946637300617,0.5946463971632923,7.157229419815468,0.5755653437292788,2901.7731875285435
7.173595437188371,8.490892934515964,0.987973122995695,6.8024997482047045,0.6427565877894877,2901.7731875285435
7.752953207506409,7.901255259829981,0.11122653924267856,7.373955968499928,0.6564424738875507,2901.7731875285435
8.749494809202151,9.181142290778944,0.3237356111825944,8.373643342311482,0.6509938367539297,2901.7731875285435
8.43808921022112,9.174289107167208,0.5521499227095661,8.069280704280253,0.6387950705531504,2901.7731875285435
6.84541498212181,7.130434871078651,0.21376491671763054,6.488775851567283,0.6177170940876315,2901.7731875285435
5.668157749159341,4.001324649485266,0.4167082749185187,5.32777772538868,0.5895554950522859,2901.7731875285435
6.095356809983919,6.831803188710206,0.5523347840447157,5.7596004842105915,0.5815470152020508,2901.7731875285435
7.841288136671027,8.462760971250322,0.46610462593447144,7.468464839576615,0.6457488928128673,2901.7731875285435
8.35379042432193,8.939300518150162,0.4391325703711737,8.002735171650972,0.6080455338900299,2901.7731875285435
6.8781530822874535,5.227539699701949,0.4126533456463761,6.512274248513502,0.633720729510532,2901.7731875285435
5.3416004593507775,5.471207615391696,0.09720536703068916,4.987714616724654,0.6129482595077693,2901.7731875285435
6.604858505225174,6.906348139649103,0.22611722581794713,6.258450767813759,0.5999958013315493,2901.7731875285435
8.70156984666448,8.978311773423355,0.2075564450691565,8.35719869425552,0.5964683326333663,2901.7731875285435
5.434051923545979,4.443235352556211,0.247704142747442,5.066960144132675,0.6358216129847107,2901.7731875285435
7.483609103343871,7.820846413763896,0.25292798281501927,7.1214628413368715,0.6272557255672728,2901.7731875285435
5.684010083981999,4.128492787080952,0.3888793242252617,5.32358991560768,0.6242660436968505,2901.7731875285435
7.821380927132089,8.13703628850653,0.23674152103083146,7.457251823562418,0.6306901078971803,2901.7731875285435
5.9453260107185,4.836001212547472,0.2773311995427572,5.592960931925571,0.6103142192823637,2901.7731875285435
7.457768978703849,7.903451127803539,0.3342616118247672,7.087701614409699,0.6409754771805692,2901.7731875285435
6.17579466820756,6.639931002657233,0.3481022508372549,5.801414219956756,0.6484459577308028,2901.7731875285435
7.3953537221074175,6.415970614248169,0.24484577696481202,7.055813528649214,0.5881008662813751,2901.7731875285435
6.752054101041258,6.331182462380849,0.10521790966510225,6.375749309239767,0.6517790185318113,2901.7731875285435
9.276193824683828,7.962413073115006,0.32844518789220545,8.91037330427396,0.6336197278011766,2901.7731875285435
8.398155646603428,9.329811760055254,0.6987420850888695,8.028354383855845,0.6405145757819424,2901.7731875285435
6.061403359944554,4.402413740119704,0.4147474049562123,5.714507476503999,0.6008412950555321,2901.7731875285435
5.96275911545211,7.158449783601046,0.8967680011117021,5.57636638259495,0.6692518449839902,2901.7731875285435
7.163197667690888,7.421128182661954,0.1934478862283,6.791982449220463,0.6429636189335574,2901.7731875285435
5.744260771093844,3.5613232653639804,0.5457343764324658,5.38316804814852,0.6254309423846914,2901.7731875285435
7.70233480911732,7.382855546419922,0.07986981567434959,7.332414247925671,0.6407212067483279,2901.7731875285435
7.400248433793917,7.999791581371903,0.4496573606834895,7.051701357353817,0.6037012452238455,2901.7731875285435
5.806823153114239,4.027645166432945,0.44479449667032345,5.429919318413289,0.6528165912695888,2901.7731875285435
6.971629493911566,7.388731903533958,0.3128268072167939,6.640322178807512,0.5738411026794535,2901.7731875285435
7.952341453258615,7.265419518501238,0.1717304836893443,7.594595050888026,0.619634945130839,2901.7731875285435
5.688058636395757,6.261880533337774,0.43036642270651226,5.346467702949329,0.5916528521340928,2901.7731875285435
6.102368493043299,6.590265564298501,0.3659228034414015,5.739007883634811,0.6293590369646916,2901.7731875285435
8.042917359532511,8.381341810625248,0.25381833831955225,7.665118902150582,0.6543661232066462,2901.7731875285435
7.281712587236983,7.445560943624146,0.12288626729037233,6.915709145459712,0.6339365569033101,2901.7731875285435
7.065602087654443,7.882908168702064,0.612979560785716,6.687596871852996,0.6547242392941444,2901.7731875285435
9.496802132876624,9.765520049044598,0.20153843712598052,9.134221848442497,0.6280074744626819,2901.7731875285435
7.785448395520466,6.608610052970282,0.29420958563754596,7.446648221616636,0.5868191148146055,2901.7731875285435
5.150949818505376,6.399804859226966,0.9366412805411921,4.802681889981779,0.6032177468496366,2901.7731875285435
6.845206382927049,7.126990870208394,0.21133836546100881,6.482853415119095,0.6276137505167461,2901.7731875285435
8.591032730367482,8.459115147328461,0.03297939575975528,8.209683763924865,0.6605157852924928,2901.7731875285435
4.229092811297946,5.600090315177337,1.0282481279095437,3.886477644126839,0.5934268769840605,2901.7731875285435
6.545871931452481,7.020015135483587,0.35560740302332916,6.194740267684569,0.6081778817922165,2901.7731875285435
5.719751259131628,5.734463786704802,0.011034395679880404,5.375999980055621,0.5953946805264322,2901.7731875285435
6.473106873525219,5.875451201922803,0.149413917900604,6.118245126139144,0.6146385761353536,2901.7731875285435
7.376695254246561,7.357254624715582,0.004860157382744923,7.039475144564928,0.584082363302538,2901.7731875285435
6.866870179157648,7.360389936856343,0.3701398182740212,6.507410496122169,0.6226024342900536,2901.7731875285435
7.726804555407738,6.204808626777048,0.3804989821576725,7.387304924605797,0.5880306096998386,2901.7731875285435
7.694797248165686,7.847744231050753,0.11471023716380069,7.330857764345513,0.6303616768569309,2901.7731875285435
6.9995850758842275,5.311959989783588,0.4219062715251598,6.618080925145011,0.660784572378738,2901.7731875285435
7.493727101741239,5.160597882507831,0.583282304808352,7.133090623640108,0.6246407031338599,2901.7731875285435
10.218185229544254,9.053279199342128,0.29122650755053137,9.839728098131744,0.6555069800932387,2901.7731875285435
7.342009884654778,5.469724629120207,0.46807131388364276,6.97325664001438,0.6386993551730439,2901.7731875285435
8.726068734059247,8.660025731025277,0.01651075075849251,8.345983736586088,0.6583265268181999,2901.7731875285435
8.5320347410694,8.832355768685508,0.22524077071208026,8.176518547516999,0.6157721101462524,2901.7731875285435
7.554524483555296,6.867576809257101,0.17173691857454876,7.196246003306884,0.6205565310488125,2901.7731875285435
8.69577995131435,8.643853301794215,0.012981662380033843,8.323486148311808,0.6448317821434412,2901.7731875285435
7.476692265255727,7.748126108101728,0.20357538213450077,7.118839314654066,0.6198194920805125,2901.7731875285435
9.376396387867166,8.060646680189661,0.3289374269193761,9.0357040436101,0.590096450002986,2901.7731875285435
6.753839496331596,6.340251658452242,0.10339695946983851,6.403568798139781,0.6066866456708486,2901.7731875285435
7.58842355625977,7.645456076019327,0.042774389819667524,7.2143115630875645,0.6479809798951209,2901.7731875285435
7.946285586388131,8.162104755100648,0.16186437653438746,7.593981505595533,0.6102085676466317,2901.7731875285435
5.527298761483381,6.266342881766639,0.5542830902124434,5.188787074104686,0.5863194414957721,2901.7731875285435
8.535252976194231,8.635864698646909,0.07545879183950843,8.198501676336859,0.5832703608678318,2901.7731875285435
8.168234603177222,8.574708230194357,0.3048552202628514,7.813080268805752,0.6151453516596912,2901.7731875285435
6.543335033546597,5.430922424605618,0.27810315223524484,6.204652109011809,0.5866160329502699,2901.7731875285435
9.66565880734357,9.729361802529546,0.047777246389481665,9.305830768486146,0.6232404452889271,2901.7731875285435
6.36903920292579,5.77012336430886,0.14972895965423239,5.993797587991704,0.6499375421800333,2901.7731875285435
8.448716114106846,9.290292595297853,0.6311823608932552,8.109317020311709,0.587856474496013,2901.7731875285435
5.731327747931503,5.789679174673721,0.04376357005666387,5.352207918119076,0.6566548073919892,2901.7731875285435
6.272169036500007,6.168062325127233,0.02602667784319368,5.921007600847309,0.6082294482093027,2901.7731875285435
6.780889352310251,8.03355178812544,0.9394968268613912,6.435076866360999,0.5989647955558023,2901.7731875285435
6.358662466592171,5.90968347408795,0.11224474812605534,6.010482586648809,0.6030652422351345,2901.7731875285435
5.746005974586193,6.557615095887866,0.6087068409762544,5.381508175055329,0.6313287080345128,2901.7731875285435
6.916774188763697,6.799700491575159,0.02926842429713461,6.572035106780609,0.5971056053493621,2901.7731875285435
9.521104797010615,8.30921582235385,0.30297224366419107,9.16971256506893,0.6086291991080234,2901.7731875285435
6.85404021896479,6.556368614246806,0.07441790117949587,6.459718326613667,0.68298555208885,2901.7731875285435
6.132843332222206,6.3018843124256945,0.12678073515261667,5.797838596391765,0.5802452232345134,2901.7731875285435
7.5016143312804235,6.59317604421304,0.22710957176684587,7.150037855155253,0.6089483193948224,2901.7731875285435
7.148718285775485,5.098755422859027,0.5124907157291145,6.772865029265407,0.6509969364656727,2901.7731875285435
5.687067517771517,4.0897906995772555,0.3993192045485654,5.306474282662206,0.6592068202263329,2901.7731875285435
7.775213105223764,8.325109807831712,0.41242252695596116,7.416343459870679,0.6215804590457675,2901.7731875285435
6.17259335745944,6.652762904948123,0.3601271606165122,5.827237081553255,0.5981746165822881,2901.7731875285435
8.41937330684852,9.43411672137931,0.7610575608980921,8.037557146461236,0.6613249889416426,2901.7731875285435
8.817081155499107,9.619914134767058,0.602124734450963,8.459413595493182,0.619498386149452,2901.7731875285435
9.871719371776006,8.921107225087699,0.23765303667207682,9.507561042387938,0.6307407284995389,2901.7731875285435
7.2615288753071425,7.928233852186391,0.5000287326594366,6.8903672457307685,0.6428708002463398,2901.7731875285435
5.469516564513547,6.378389347880433,0.681654587525165,5.136027735630481,0.5776195953821122,2901.7731875285435
8.816325631139305,8.648872718949265,0.04186322804750997,8.434984482924548,0.6605022437246131,2901.7731875285435
7.8312651436734875,7.2722339916989265,0.13975778799364025,7.440872154022374,0.6761804929944386,2901.7731875285435
9.494638071048515,9.34864100503304,0.03649926650386881,9.111942334034119,0.662848460348952,2901.7731875285435
7.1754858838095315,7.885202502194385,0.5322874637886403,6.809053006727258,0.6346803606701379,2901.7731875285435
8.102339780053805,6.4468889387546,0.4138627103248014,7.7313862171281755,0.6425104182358884,2901.7731875285435
7.391145908546073,8.115157335710999,0.5430085703736942,7.044515235117146,0.6003819378407166,2901.7731875285435
6.860409511925236,6.719580471639463,0.03520726007144326,6.4951929171202405,0.6325736979695482,2901.7731875285435
6.60810615567308,5.957457625019815,0.1626621326633162,6.241674146260626,0.6346788578219271,2901.7731875285435
6.31737114812837,7.121670969582556,0.6032248660906401,5.965166057118964,0.6100371123127116,2901.7731875285435
6.049451148655345,7.056119714654217,0.7550014244991541,5.674105267044315,0.6501181373620376,2901.7731875285435
9.533049402223554,8.803948596079593,0.1822752015359903,9.139374003582871,0.6818657921355954,2901.7731875285435
6.667947492908795,6.871630609116307,0.15276233715563392,6.339604294726712,0.5687071015710254,2901.7731875285435
5.1088067385503075,6.36347997496484,0.9410049273108996,4.752119516889177,0.6178003903276599,2901.7731875285435
7.599063226324078,7.280533931026231,0.07963232382446161,7.23584631474472,0.629110145023701,2901.7731875285435
7.556762522444171,7.99815256921142,0.33104253507543735,7.206293403014486,0.6070303213361388,2901.7731875285435
6.2280123106792615,5.135046958390088,0.27324133807229334,5.848313215604214,0.6576581242579084,2901.7731875285435
8.037601952523577,8.027328049116575,0.0025684758517505735,7.698438323737354,0.5874486371371674,2901.7731875285435
7.321933100011039,7.812771841765323,0.3681290563157129,6.991636509642257,0.5720904760854951,2901.7731875285435
8.516505964298835,8.097354177807732,0.10478794662277569,8.144230768642462,0.6447995532744821,2901.7731875285435
7.4877714268035085,8.033355910794645,0.4091883629933526,7.112315935245043,0.6503079873600094,2901.7731875285435
6.939954906486197,7.666966798187087,0.5452589187756669,6.55994546525017,0.6581956595766592,2901.7731875285435
6.764406059698339,6.676770564011077,0.021908873921815397,6.398618820116527,0.6335620837160689,2901.7731875285435
6.794699410719033,5.812567664836273,0.24553293647068997,6.441367034269021,0.6119896279704725,2901.7731875285435
6.619709179473393,6.780287401560509,0.12043366656533694,6.239691211248637,0.6582104287543729,2901.7731875285435
8.346429514390383,7.287114463327449,0.2648287627657335,7.994053455510549,0.6103332373507534,2901.7731875285435
8.944569940963094,10.185869499180738,0.9309746686632332,8.606489026731527,0.5855733205184096,2901.7731875285435
6.4152859611333595,5.037210028263878,0.3445189832173703,6.056936341419159,0.6206797482179807,2901.7731875285435
6.186925714620632,6.131637911817003,0.013821950700907193,5.8238265035206584,0.6289062818133309,2901.7731875285435
6.419842444606701,7.418321963865114,0.7488596394438096,6.040991802322287,0.6561885609167069,2901.7731875285435
7.972432194271088,9.005718915609787,0.7749650410040245,7.601455570548017,0.6425503607087191,2901.7731875285435
7.30227127497818,6.806041250310219,0.12405750616699018,6.94055346009682,0.6265136333773095,2901.7731875285435
7.788116956380848,6.490366317472238,0.32443765972715255,7.445978176436485,0.592601750103264,2901.7731875285435
7.781896134980735,5.660025685558773,0.5304676123554903,7.419605363445568,0.6275060234122377,2901.7731875285435
8.218756487363068,8.42907338457076,0.1577376729057689,7.854851524164571,0.63030188538628,2901.7731875285435
5.555195784309461,3.74689492547552,0.45207521470848533,5.186653621835977,0.6383337501353789,2901.7731875285435
5.721292358389656,5.4172763001338,0.076004014563964,5.35816589048232,0.6289534919885342,2901.7731875285435
8.196528043239896,6.309432005969916,0.4717740093174949,7.818147341545429,0.6553745999383807,2901.7731875285435
6.9861097563313646,7.24694031829417,0.19562292147210414,6.626127163010305,0.623508141472479,2901.7731875285435
7.514232403888884,8.395654330646014,0.6610664450678476,7.172374688826265,0.59211493144786,2901.7731875285435
6.263519462051597,6.218016695724014,0.011375691581895664,5.903036729860095,0.624374407406925,2901.7731875285435
6.656529554818203,7.287118326802187,0.47294157898798783,6.300706950224905,0.616302829637083,2901.7731875285435
8.95984877898541,8.3570005769396,0.15071205051145276,8.590559701764663,0.63962744442656,2901.7731875285435
6.208390461827924,6.74543950537685,0.40278678266169443,5.831637560651933,0.6525551667357937,2901.7731875285435
6.986056113629987,6.8232616784601205,0.04069860879246656,6.6348975752647394,0.6082244299602333,2901.7731875285435
5.808814512950435,3.7966708441746713,0.5030359171939409,5.46091544657782,0.6025788588631465,2901.7731875285435
7.993261590979547,7.78615815101896,0.051775859990146555,7.60458390896155,0.6732094930232704,2901.7731875285435
9.08954641273969,7.650725656985097,0.3597051889386482,8.741832183912384,0.6022587108435231,2901.7731875285435
5.438268310438302,6.0917868001933995,0.4901388673163234,5.095925437064063,0.5929552502932999,2901.7731875285435
8.482235094319579,8.390211382678036,0.023005927910385804,8.119182349606533,0.62882579967033,2901.7731875285435
7.2944120793246405,5.431076323543666,0.4658339389452437,6.957039017177893,0.58434728474326,2901.7731875285435
6.353437300539598,7.740404928824496,1.0402257212136736,5.978158607823687,0.6500017627819856,2901.7731875285435
7.445232554227113,7.743328704653331,0.22357211281966372,7.116217081003164,0.5698715161001973,2901.7731875285435
